ls_cat "sc_nr" "marker_nr" "position" "male_position"
ls_cat 1 1 857604 0
ls_cat 1 2 960108 0
ls_cat 1 7 1432002 0
ls_cat 1 8 1490133 0
ls_cat 1 9 1669646 0
ls_cat 1 12 1725894 0
ls_cat 1 17 1769831 1.136
ls_cat 1 19 2452286 1.701
ls_cat 1 20 2521318 1.701
ls_cat 1 21 2669949 1.701
ls_cat 1 23 3079565 1.701
ls_cat 1 28 3580850 2.266
ls_cat 1 33 3702161 8.863
ls_cat 1 49 4529913 10.577
ls_cat 1 61 4924269 13.441
ls_cat 1 63 5083729 14.006
ls_cat 1 64 5091847 17.496
ls_cat 1 77 5152273 19.211
ls_cat 1 83 6323204 20.925
ls_cat 1 94 7058547 20.925
ls_cat 1 102 7306269 22.062
ls_cat 1 103 7452283 23.198
ls_cat 1 104 7536599 23.198
ls_cat 1 107 7708666 23.198
ls_cat 1 110 7765061 24.912
ls_cat 1 117 8359924 26.627
ls_cat 1 121 8382936 26.627
ls_cat 1 124 8411785 27.763
ls_cat 1 125 8492177 27.763
ls_cat 1 130 8628682 28.328
ls_cat 1 133 8969480 30.627
ls_cat 1 134 9094408 31.192
ls_cat 1 135 9145964 31.757
ls_cat 1 141 9171153 31.757
ls_cat 1 144 9341424 34.622
ls_cat 1 145 9376344 36.336
ls_cat 1 148 10017917 36.901
ls_cat 1 152 10120873 39.2
ls_cat 1 154 10281982 39.765
ls_cat 1 158 10711924 42.045
ls_cat 1 159 11227247 43.181
ls_cat 1 161 11560717 45.48
ls_cat 1 167 11881874 45.48
ls_cat 1 170 12328195 47.195
ls_cat 1 179 12420457 48.331
ls_cat 1 180 12454768 48.896
ls_cat 1 182 12544486 48.896
ls_cat 1 185 12546603 48.896
ls_cat 1 186 12558468 49.461
ls_cat 1 189 12871676 51.761
ls_cat 1 195 14278830 52.325
ls_cat 1 197 14508534 52.89
ls_cat 1 201 15316434 55.19
ls_cat 1 205 15765440 58.041
ls_cat 1 206 16012085 59.177
ls_cat 1 210 16786175 59.177
ls_cat 1 211 17483747 59.177
ls_cat 1 212 17599046 59.742
ls_cat 1 217 17642444 60.878
ls_cat 1 220 17919483 61.443
ls_cat 1 221 18408231 61.443
ls_cat 1 233 19248337 62.008
ls_cat 1 236 19320750 62.008
ls_cat 1 238 19519892 62.008
ls_cat 1 240 20006942 63.723
ls_cat 1 246 20065651 63.723
ls_cat 1 247 20339349 64.288
ls_cat 1 249 20781587 64.853
ls_cat 1 253 20802551 64.853
ls_cat 1 255 20917992 67.744
ls_cat 1 256 21028647 69.458
ls_cat 1 258 22053918 69.458
ls_cat 1 259 23298398 70.595
ls_cat 1 260 23300505 70.595
ls_cat 1 261 23856346 71.731
ls_cat 1 262 24107239 71.731
ls_cat 1 270 24540871 72.296
ls_cat 1 277 24928100 78.191
ls_cat 1 279 25100582 80.491
ls_cat 1 284 25920538 81.627
ls_cat 1 287 26399444 83.926
ls_cat 1 297 26987053 84.491
ls_cat 1 299 27608308 85.628
ls_cat 1 303 27746759 86.193
ls_cat 1 304 28139591 86.193
ls_cat 1 311 28139914 86.758
ls_cat 1 312 28208575 86.758
ls_cat 1 314 28789190 86.758
ls_cat 1 316 28868197 86.758
ls_cat 1 317 28915518 86.758
ls_cat 1 318 28961716 87.323
ls_cat 1 322 29285768 89.602
ls_cat 1 326 29749956 89.602
ls_cat 1 328 29750500 89.602
ls_cat 1 330 29867700 89.602
ls_cat 1 334 31619494 89.602
ls_cat 1 335 32179853 89.602
ls_cat 2 342 17994 0
ls_cat 2 344 309506 0
ls_cat 2 345 521221 0
ls_cat 2 347 528512 0
ls_cat 2 348 541827 0
ls_cat 2 350 623407 0
ls_cat 2 352 735250 0
ls_cat 2 363 1562507 0
ls_cat 2 367 1902890 0.667
ls_cat 2 372 1910946 1.333
ls_cat 2 375 2015918 1.333
ls_cat 2 380 2240080 1.333
ls_cat 2 381 2481393 1.333
ls_cat 2 388 2695156 1.333
ls_cat 2 398 3429666 1.333
ls_cat 2 402 3477246 1.333
ls_cat 2 406 3519261 4.198
ls_cat 2 415 4080485 4.198
ls_cat 2 418 4088836 4.198
ls_cat 2 419 4144661 4.198
ls_cat 2 422 4820749 6.47
ls_cat 2 426 5276473 7.035
ls_cat 2 433 5391864 7.035
ls_cat 2 440 5469920 7.6
ls_cat 2 444 5854961 9.315
ls_cat 2 445 6109175 11.029
ls_cat 2 448 6323635 13.894
ls_cat 2 451 6507264 16.193
ls_cat 2 453 6882980 17.323
ls_cat 2 456 7437927 19.037
ls_cat 2 462 7479293 20.752
ls_cat 2 463 7496863 21.888
ls_cat 2 464 8368909 24.187
ls_cat 2 472 8617706 24.752
ls_cat 2 479 9058668 25.317
ls_cat 2 483 9164911 26.454
ls_cat 2 486 9618690 27.59
ls_cat 2 493 9714790 28.726
ls_cat 2 497 10005979 28.726
ls_cat 2 499 10092333 29.291
ls_cat 2 502 10825815 30.428
ls_cat 2 508 10948472 30.993
ls_cat 2 518 11437500 35.702
ls_cat 2 519 11523592 37.417
ls_cat 2 528 11761302 37.417
ls_cat 2 532 12007948 37.417
ls_cat 2 540 12687180 37.982
ls_cat 2 543 12804941 37.982
ls_cat 2 545 12932815 39.118
ls_cat 2 546 12958559 39.118
ls_cat 2 547 13183001 39.118
ls_cat 2 552 13613514 39.683
ls_cat 2 559 14431555 41.962
ls_cat 2 569 14912025 41.962
ls_cat 2 572 14991257 42.527
ls_cat 2 575 16397318 44.827
ls_cat 2 580 16398614 44.827
ls_cat 2 589 16471269 45.963
ls_cat 2 590 16508220 45.963
ls_cat 2 594 16533821 46.528
ls_cat 2 598 16585136 46.528
ls_cat 2 599 16782882 46.528
ls_cat 2 600 16823378 46.528
ls_cat 2 602 16837914 46.528
ls_cat 2 609 17282799 47.093
ls_cat 2 610 17806390 47.093
ls_cat 2 612 18254731 48.229
ls_cat 2 614 18281126 48.229
ls_cat 2 620 18303897 48.794
ls_cat 2 622 19191007 48.794
ls_cat 2 623 19216833 48.794
ls_cat 2 627 19471622 49.924
ls_cat 2 631 19747351 49.924
ls_cat 2 636 19805512 49.924
ls_cat 2 642 20129430 49.924
ls_cat 2 647 20223988 49.924
ls_cat 2 649 20444627 49.924
ls_cat 2 653 20576048 51.061
ls_cat 2 659 20580946 51.061
ls_cat 2 667 20613202 51.061
ls_cat 2 669 20634533 51.626
ls_cat 2 671 20635090 51.626
ls_cat 2 672 20784692 51.626
ls_cat 2 675 20840871 52.191
ls_cat 2 696 20849960 52.756
ls_cat 2 703 20880035 52.756
ls_cat 2 710 21164063 55.035
ls_cat 2 711 21175042 55.035
ls_cat 2 714 21513487 55.035
ls_cat 2 717 21629234 56.172
ls_cat 2 718 22182029 56.172
ls_cat 2 720 22431483 57.308
ls_cat 2 722 22571260 57.308
ls_cat 2 724 22590872 57.873
ls_cat 2 726 22688383 57.873
ls_cat 2 728 22688704 57.873
ls_cat 2 729 22698463 59.009
ls_cat 2 737 22872669 60.146
ls_cat 2 738 22917983 60.146
ls_cat 2 739 23253693 61.282
ls_cat 2 740 23507725 61.282
ls_cat 2 742 23690908 64.173
ls_cat 2 743 24129621 64.738
ls_cat 2 745 24784087 65.875
ls_cat 2 754 25042558 65.875
ls_cat 2 761 25116882 65.875
ls_cat 2 764 25165244 65.875
ls_cat 2 780 25899330 69.31
ls_cat 2 782 26197870 69.31
ls_cat 2 783 26305644 69.875
ls_cat 2 784 26332677 71.012
ls_cat 2 785 26567389 71.577
ls_cat 2 787 26756922 71.577
ls_cat 2 798 26985911 72.707
ls_cat 2 802 27092847 72.707
ls_cat 2 805 28158256 74.408
ls_cat 2 813 28351443 74.973
ls_cat 2 820 29725934 75.538
ls_cat 2 826 29774807 76.674
ls_cat 2 827 29919895 76.674
ls_cat 2 832 30026177 76.674
ls_cat 2 844 30383920 78.389
ls_cat 2 848 30598075 78.389
ls_cat 2 860 31233226 78.389
ls_cat 2 864 31267355 78.389
ls_cat 2 869 31855631 78.389
ls_cat 2 871 31967679 78.389
ls_cat 2 872 32073359 78.389
ls_cat 2 873 32213163 78.389
ls_cat 2 877 32235374 78.389
ls_cat 2 885 32455985 78.389
ls_cat 2 886 32603562 79.108
ls_cat 2 888 32626034 79.108
ls_cat 2 893 32690582 79.108
ls_cat 6 1699 120076 0
ls_cat 6 1701 197083 0
ls_cat 6 1704 515284 0
ls_cat 6 1706 768073 0
ls_cat 6 1719 1639004 0
ls_cat 6 1721 2026545 2.027
ls_cat 6 1723 2148493 2.027
ls_cat 6 1724 2247765 2.027
ls_cat 6 1726 2322929 2.694
ls_cat 6 1729 2543655 2.694
ls_cat 6 1737 3434976 3.259
ls_cat 6 1746 3845864 5.558
ls_cat 6 1751 4089211 5.558
ls_cat 6 1756 4091456 8.994
ls_cat 6 1757 4202654 8.994
ls_cat 6 1759 4497730 10.13
ls_cat 6 1763 4977745 14.696
ls_cat 6 1765 5379854 17.587
ls_cat 6 1768 5652385 17.587
ls_cat 6 1772 5742388 19.301
ls_cat 6 1775 5900076 20.437
ls_cat 6 1780 6439830 21.002
ls_cat 6 1784 6543017 21.567
ls_cat 6 1785 6585045 25.057
ls_cat 6 1787 7109030 25.057
ls_cat 6 1794 7218520 28.513
ls_cat 6 1803 7897514 29.65
ls_cat 6 1814 7938840 30.78
ls_cat 6 1815 8001035 31.345
ls_cat 6 1821 8391650 34.8
ls_cat 6 1826 8418963 35.365
ls_cat 6 1831 9048728 35.365
ls_cat 6 1841 10169150 36.502
ls_cat 6 1843 10496477 36.502
ls_cat 6 1847 10806324 38.781
ls_cat 6 1852 11146959 39.346
ls_cat 6 1860 11556019 41.048
ls_cat 6 1867 11589360 42.762
ls_cat 6 1868 11732183 45.061
ls_cat 6 1876 11914240 45.061
ls_cat 6 1879 11991423 45.061
ls_cat 6 1880 12010783 45.626
ls_cat 6 1883 12122567 45.626
ls_cat 6 1885 12208973 45.626
ls_cat 6 1887 12669456 46.191
ls_cat 6 1892 12825216 46.191
ls_cat 6 1895 12902434 46.756
ls_cat 6 1898 13123546 46.756
ls_cat 6 1904 13195844 46.756
ls_cat 6 1905 13258325 46.756
ls_cat 6 1906 13538959 46.756
ls_cat 6 1909 13658504 46.756
ls_cat 6 1910 13700541 46.756
ls_cat 6 1913 14395212 46.756
ls_cat 6 1917 14685548 46.756
ls_cat 6 1919 14708378 46.756
ls_cat 13 3075 121206 0
ls_cat 13 3079 678582 0
ls_cat 13 3084 946041 0
ls_cat 13 3088 1747766 0
ls_cat 13 3092 2578869 1.802
ls_cat 13 3095 3317287 3.251
ls_cat 13 3099 3688538 8.519
ls_cat 13 3103 4426306 9.969
ls_cat 13 3104 4589149 9.969
ls_cat 13 3115 4767115 10.534
ls_cat 13 3119 4869521 14.63
ls_cat 13 3137 5029666 16.896
ls_cat 13 3139 5043705 16.896
ls_cat 13 3145 5082048 18.026
ls_cat 13 3148 5239850 18.026
ls_cat 13 3155 5738904 19.162
ls_cat 13 3162 5864653 22.007
ls_cat 13 3167 6318820 22.007
ls_cat 13 3171 6338869 22.007
ls_cat 13 3184 6603686 23.137
ls_cat 13 3188 6805776 26.028
ls_cat 13 3201 6880269 27.158
ls_cat 13 3204 6893830 27.158
ls_cat 13 3212 7210073 30.593
ls_cat 13 3213 7441804 33.484
ls_cat 13 3220 7720981 33.484
ls_cat 13 3221 7839486 34.049
ls_cat 13 3223 7988950 34.049
ls_cat 13 3224 7989271 34.049
ls_cat 13 3225 8039211 34.049
ls_cat 13 3234 8104347 38.71
ls_cat 13 3238 8433444 39.275
ls_cat 13 3239 8586277 39.275
ls_cat 13 3240 8587411 39.275
ls_cat 13 3246 8669112 40.405
ls_cat 13 3249 9102186 40.405
ls_cat 13 3253 9105715 40.405
ls_cat 13 3256 9372240 40.405
ls_cat 13 3258 9679685 40.405
ls_cat 13 3264 9711546 40.405
ls_cat 13 3275 10221674 40.405
ls_cat 13 3277 10523381 40.405
ls_cat 13 3280 10741023 40.405
ls_cat 13 3283 11361185 45.038
ls_cat 13 3295 11483943 47.602
ls_cat 13 3300 11702720 47.602
ls_cat 13 3302 11756387 47.602
ls_cat 13 3303 11876236 47.602
ls_cat 13 3304 11925394 47.602
ls_cat 13 3305 11925744 47.602
ls_cat 13 3308 12301373 47.602
ls_cat 13 3309 12573689 47.602
ls_cat 17 3984 513635 0
ls_cat 17 3994 688030 0
ls_cat 17 3997 734677 0
ls_cat 17 4000 777798 0
ls_cat 17 4003 1157177 0
ls_cat 17 4005 1185343 0.667
ls_cat 17 4007 1234932 0.667
ls_cat 17 4016 1313632 4.694
ls_cat 17 4018 1370709 4.694
ls_cat 17 4020 1590704 5.259
ls_cat 17 4025 1965055 5.259
ls_cat 17 4029 2216824 5.259
ls_cat 17 4032 2464855 5.259
ls_cat 17 4033 2514798 6.395
ls_cat 17 4037 2723273 7.532
ls_cat 17 4040 2747537 9.831
ls_cat 17 4053 3574209 11.546
ls_cat 17 4056 3644466 12.682
ls_cat 17 4060 3856441 14.383
ls_cat 17 4063 4059484 14.948
ls_cat 17 4067 4151795 15.513
ls_cat 17 4073 4334192 16.65
ls_cat 17 4076 4429205 20.705
ls_cat 17 4080 5146599 24.8
ls_cat 17 4085 5217687 24.8
ls_cat 17 4090 5222494 25.937
ls_cat 17 4093 5289166 26.502
ls_cat 17 4100 5331530 27.067
ls_cat 17 4103 5747878 27.067
ls_cat 17 4104 5778459 28.781
ls_cat 17 4107 5879759 30.483
ls_cat 17 4111 6458552 36.293
ls_cat 17 4113 6580005 36.293
ls_cat 17 4115 6582513 36.293
ls_cat 17 4116 6634839 38.007
ls_cat 17 4124 6678568 42.062
ls_cat 17 4125 6820246 42.062
ls_cat 17 4126 6912458 43.199
ls_cat 17 4127 7268557 43.764
ls_cat 17 4129 7292733 43.764
ls_cat 17 4141 7469825 43.764
ls_cat 17 4142 7551752 43.764
ls_cat 17 4143 7983310 43.764
ls_cat 17 4146 7983664 46.036
ls_cat 17 4157 8890673 46.036
ls_cat 17 4166 9278048 47.173
ls_cat 17 4168 9372552 48.303
ls_cat 17 4170 9581649 48.868
ls_cat 17 4175 9762893 48.868
ls_cat 17 4181 9964236 48.868
ls_cat 17 4191 9966301 48.868
ls_cat 17 4195 9989839 48.868
ls_cat 17 4196 9994899 48.868
ls_cat 17 4198 10185623 48.868
ls_cat 17 4199 10405266 48.868
ls_cat 17 4204 11134969 48.868
ls_cat 17 4208 11390378 50.118
ls_cat 17 4209 11796684 50.118
ls_cat 17 4211 11920909 50.118
ls_cat 22 5088 344032 0
ls_cat 22 5096 1261741 6.068
ls_cat 22 5097 1461555 15.047
ls_cat 22 5098 1558426 15.047
ls_cat 22 5099 1573720 15.047
ls_cat 22 5101 1691059 15.047
ls_cat 22 5108 1729857 16.363
ls_cat 22 5111 1985397 18.078
ls_cat 22 5116 2062631 18.643
ls_cat 22 5121 2172824 18.643
ls_cat 22 5122 2286829 18.643
ls_cat 22 5128 2602682 21.534
ls_cat 22 5132 2739627 22.099
ls_cat 22 5135 2957522 22.099
ls_cat 22 5140 2979912 22.664
ls_cat 22 5147 3038422 26.759
ls_cat 22 5151 3312270 29.059
ls_cat 22 5154 3352201 29.059
ls_cat 22 5166 4144113 33.768
ls_cat 22 5171 4426946 33.768
ls_cat 22 5173 4635806 34.333
ls_cat 22 5187 4639588 34.333
ls_cat 22 5189 5084238 35.463
ls_cat 22 5202 5282855 36.028
ls_cat 22 5203 5294630 36.028
ls_cat 22 5221 5316109 37.742
ls_cat 22 5229 5331153 37.742
ls_cat 22 5234 5491165 38.879
ls_cat 22 5242 5865143 38.879
ls_cat 22 5248 6037890 38.879
ls_cat 22 5250 6164457 40.015
ls_cat 22 5258 6601858 40.015
ls_cat 22 5260 6609633 43.505
ls_cat 22 5266 6692286 43.505
ls_cat 22 5267 6796034 48.214
ls_cat 22 5278 7305862 48.779
ls_cat 22 5279 7507573 48.779
ls_cat 22 5281 7647059 49.416
ls_cat 22 5286 8222740 49.416
ls_cat 22 5287 8281223 49.416
ls_cat 22 5302 8656105 49.416
ls_cat 22 5304 8916895 51.544
ls_cat 22 5306 9127064 51.544
ls_cat 21 4868 133875 0
ls_cat 21 4870 237551 0
ls_cat 21 4876 810965 0
ls_cat 21 4880 963118 0
ls_cat 21 4881 1110932 0.667
ls_cat 21 4882 1111245 1.333
ls_cat 21 4889 1724783 1.898
ls_cat 21 4892 2198955 1.898
ls_cat 21 4897 2227639 2.463
ls_cat 21 4899 2251317 2.463
ls_cat 21 4904 2718346 2.463
ls_cat 21 4905 2732831 3.028
ls_cat 21 4909 2917112 3.028
ls_cat 21 4911 3137435 3.028
ls_cat 21 4918 3174437 4.723
ls_cat 21 4922 3276583 4.723
ls_cat 21 4925 3287467 7.614
ls_cat 21 4928 3920231 9.913
ls_cat 21 4937 4390667 9.913
ls_cat 21 4939 4724857 14.623
ls_cat 21 4945 5196114 14.623
ls_cat 21 4948 5214938 16.324
ls_cat 21 4950 5247572 16.889
ls_cat 21 4951 5445416 16.889
ls_cat 21 4953 5960124 17.454
ls_cat 21 4956 6132377 22.08
ls_cat 21 4957 6376965 22.08
ls_cat 21 4961 6424244 23.217
ls_cat 21 4977 6491757 23.782
ls_cat 21 4987 6619106 25.496
ls_cat 21 4988 6748148 25.496
ls_cat 21 4989 6818091 25.496
ls_cat 21 4994 7129647 26.633
ls_cat 21 5003 7666445 30.042
ls_cat 21 5004 8259339 32.341
ls_cat 21 5012 8329513 32.906
ls_cat 21 5013 8354512 32.906
ls_cat 21 5014 8522830 34.621
ls_cat 21 5015 8862840 35.186
ls_cat 21 5029 9035473 38.036
ls_cat 21 5032 9109594 38.601
ls_cat 21 5038 9413282 39.738
ls_cat 21 5047 9584530 40.874
ls_cat 21 5048 9912403 40.874
ls_cat 21 5055 9972367 40.874
ls_cat 21 5059 10023148 40.874
ls_cat 21 5066 10110211 41.736
ls_cat 21 5076 10713035 41.736
ls_cat 21 5077 10858296 46.204
ls_cat 21 5083 11005018 46.204
ls_cat 20 4622 613813 0
ls_cat 20 4624 702395 0
ls_cat 20 4630 976052 0
ls_cat 20 4637 1034286 2.027
ls_cat 20 4640 1374860 5.453
ls_cat 20 4652 1476058 6.12
ls_cat 20 4653 1599579 6.12
ls_cat 20 4662 1886902 6.12
ls_cat 20 4666 2208376 6.787
ls_cat 20 4670 2233263 7.453
ls_cat 20 4687 2856821 12.073
ls_cat 20 4688 3016036 12.073
ls_cat 20 4694 3060094 12.638
ls_cat 20 4698 3072280 13.774
ls_cat 20 4707 3366589 15.489
ls_cat 20 4710 3491567 20.061
ls_cat 20 4711 3842875 20.626
ls_cat 20 4716 3863426 20.626
ls_cat 20 4721 4350209 25.335
ls_cat 20 4737 5052674 34.186
ls_cat 20 4740 5115091 37.615
ls_cat 20 4741 5533666 38.751
ls_cat 20 4743 5533999 38.751
ls_cat 20 4746 5535030 40.466
ls_cat 20 4747 6047873 40.466
ls_cat 20 4750 6154374 42.167
ls_cat 20 4760 6206411 43.868
ls_cat 20 4762 6712593 45.005
ls_cat 20 4763 6902343 46.719
ls_cat 20 4768 6954462 47.284
ls_cat 20 4771 7004180 47.284
ls_cat 20 4772 7227940 47.284
ls_cat 20 4782 7678379 47.849
ls_cat 20 4792 7947088 48.986
ls_cat 20 4803 8195498 48.986
ls_cat 20 4806 8196375 49.551
ls_cat 20 4809 8381220 49.551
ls_cat 20 4813 8790861 51.265
ls_cat 20 4817 8798952 51.83
ls_cat 20 4826 9362176 52.497
ls_cat 20 4828 9467991 52.497
ls_cat 20 4831 9658206 52.497
ls_cat 20 4835 10164981 54.524
ls_cat 20 4841 10306806 54.524
ls_cat 20 4843 10456469 54.524
ls_cat 20 4846 10676851 54.524
ls_cat 20 4860 11347946 54.524
ls_cat 20 4863 11400801 54.524
ls_cat 20 4866 11632078 54.524
ls_cat 14 3312 434256 0
ls_cat 14 3314 502243 0
ls_cat 14 3315 609355 0
ls_cat 14 3326 707421 0
ls_cat 14 3328 1011897 1.136
ls_cat 14 3330 1133338 1.136
ls_cat 14 3333 1279593 1.136
ls_cat 14 3334 1799529 1.701
ls_cat 14 3336 2107613 1.701
ls_cat 14 3337 2132228 1.701
ls_cat 14 3343 2184265 1.701
ls_cat 14 3347 2313592 4.001
ls_cat 14 3350 2390777 4.001
ls_cat 14 3352 2607071 4.001
ls_cat 14 3353 2633268 4.001
ls_cat 14 3358 2743511 5.137
ls_cat 14 3359 2982337 5.137
ls_cat 14 3364 3909859 5.702
ls_cat 14 3365 3910162 5.702
ls_cat 14 3367 4000128 5.702
ls_cat 14 3369 4076751 8.001
ls_cat 14 3371 4317445 10.301
ls_cat 14 3378 4334378 11.437
ls_cat 14 3385 4616768 14.873
ls_cat 14 3387 4769337 17.172
ls_cat 14 3391 5271777 17.172
ls_cat 14 3393 5405457 19.451
ls_cat 14 3394 5489079 19.451
ls_cat 14 3397 5596142 19.451
ls_cat 14 3401 5889252 23.547
ls_cat 14 3403 6237207 24.684
ls_cat 14 3404 6462636 24.684
ls_cat 14 3407 6601636 24.684
ls_cat 14 3413 6639629 25.814
ls_cat 14 3414 6840326 29.303
ls_cat 14 3417 7622045 33.331
ls_cat 14 3420 7945840 35.045
ls_cat 14 3426 8178742 35.045
ls_cat 14 3428 8496185 36.747
ls_cat 14 3434 8718993 36.747
ls_cat 14 3448 8919752 40.774
ls_cat 14 3452 9244731 40.774
ls_cat 14 3453 9503865 40.774
ls_cat 14 3454 9559657 41.91
ls_cat 14 3457 9882167 41.91
ls_cat 14 3470 10679875 51.139
ls_cat 14 3479 11154840 55.194
ls_cat 14 3482 11804938 55.194
ls_cat 14 3488 12471159 55.194
ls_cat 30 6424 305164 0
ls_cat 30 6432 594066 0
ls_cat 30 6436 709082 0
ls_cat 30 6437 744307 0
ls_cat 30 6441 895180 0.699
ls_cat 30 6443 941870 0.699
ls_cat 30 6445 1058002 0.699
ls_cat 30 6448 1188180 0.699
ls_cat 30 6455 1441886 1.829
ls_cat 30 6457 1657397 1.829
ls_cat 30 6462 1720384 2.966
ls_cat 30 6467 2116957 4.102
ls_cat 30 6473 2155959 4.102
ls_cat 30 6480 2331519 5.232
ls_cat 30 6482 2537088 5.232
ls_cat 30 6487 2615043 5.232
ls_cat 30 6494 3095596 9.858
ls_cat 30 6496 3177394 11.573
ls_cat 30 6498 3721854 11.573
ls_cat 30 6501 3762087 13.287
ls_cat 30 6504 3766757 13.287
ls_cat 30 6508 3818049 13.287
ls_cat 30 6512 3856263 13.852
ls_cat 30 6516 3945073 13.852
ls_cat 30 6521 4322307 14.417
ls_cat 30 6527 4380092 14.982
ls_cat 30 6530 4639515 17.281
ls_cat 30 6531 4680106 17.846
ls_cat 30 6534 4845436 21.901
ls_cat 30 6538 4912658 27.091
ls_cat 30 6541 5057459 27.091
ls_cat 30 6550 5513531 27.091
ls_cat 30 6551 5619905 27.656
ls_cat 30 6565 6583045 31.752
ls_cat 30 6566 6924697 31.752
ls_cat 30 6577 6931711 32.317
ls_cat 30 6578 7213328 34.032
ls_cat 30 6580 7348984 34.032
ls_cat 30 6583 8064230 34.032
ls_cat 30 6587 8064552 34.032
ls_cat 30 6589 8080891 34.032
ls_cat 30 6591 8140986 34.032
ls_cat 30 6598 8815501 34.032
ls_cat 30 6601 8971200 34.032
ls_cat 9 2289 881127 0
ls_cat 9 2291 1025019 0
ls_cat 9 2295 1029933 0.654
ls_cat 9 2296 1508742 0.654
ls_cat 9 2303 2302222 0.654
ls_cat 9 2305 3069829 1.969
ls_cat 9 2307 3329337 1.969
ls_cat 9 2311 4026312 1.969
ls_cat 9 2316 4036090 7.3
ls_cat 9 2318 4087527 7.3
ls_cat 9 2328 4160743 9.014
ls_cat 9 2330 4161582 10.729
ls_cat 9 2332 4873049 16.688
ls_cat 9 2333 5059914 16.688
ls_cat 9 2334 5618487 16.688
ls_cat 9 2346 5832885 17.818
ls_cat 9 2354 6133659 27.727
ls_cat 9 2357 6319089 28.864
ls_cat 9 2365 6436762 29.428
ls_cat 9 2366 6514777 32.918
ls_cat 9 2368 6820565 36.973
ls_cat 9 2370 7176539 38.109
ls_cat 9 2375 7505672 38.109
ls_cat 9 2382 7776165 39.246
ls_cat 9 2390 8468630 40.382
ls_cat 9 2391 8554747 40.947
ls_cat 9 2400 8620900 40.947
ls_cat 9 2401 8804497 40.947
ls_cat 9 2409 8821676 40.947
ls_cat 9 2410 8878895 40.947
ls_cat 9 2419 9008783 40.947
ls_cat 9 2421 9061064 41.512
ls_cat 9 2423 9200049 42.077
ls_cat 9 2430 9228543 42.077
ls_cat 9 2432 9326463 47.973
ls_cat 9 2441 9539419 49.109
ls_cat 9 2443 9547376 49.674
ls_cat 9 2450 9715294 51.375
ls_cat 9 2453 10198342 51.375
ls_cat 9 2458 10228272 52.658
ls_cat 9 2466 10504099 52.658
ls_cat 9 2470 10531031 53.295
ls_cat 9 2476 10757987 53.295
ls_cat 9 2480 11399511 53.295
ls_cat 9 2487 11825051 53.295
ls_cat 9 2489 12345714 53.295
ls_cat 9 2492 12864411 53.295
ls_cat 15 3490 178018 0
ls_cat 15 3494 242929 0
ls_cat 15 3497 498850 0
ls_cat 15 3499 538750 4.709
ls_cat 15 3502 598895 4.709
ls_cat 15 3506 908685 6.737
ls_cat 15 3513 933400 6.737
ls_cat 15 3517 1267068 6.737
ls_cat 15 3518 1386480 6.737
ls_cat 15 3524 1683694 6.737
ls_cat 15 3531 1968854 6.737
ls_cat 15 3534 1986904 7.302
ls_cat 15 3538 2452466 7.867
ls_cat 15 3547 2499325 7.867
ls_cat 15 3566 2625223 8.997
ls_cat 15 3574 2810527 10.133
ls_cat 15 3581 3153306 11.263
ls_cat 15 3582 3219570 11.263
ls_cat 15 3584 3249491 11.263
ls_cat 15 3585 3360868 11.828
ls_cat 15 3587 3522178 12.964
ls_cat 15 3595 3579725 14.679
ls_cat 15 3600 3863231 17.543
ls_cat 15 3602 4050619 21.033
ls_cat 15 3605 4210174 21.598
ls_cat 15 3608 4481338 22.163
ls_cat 15 3611 4826330 22.728
ls_cat 15 3617 4855680 27.918
ls_cat 15 3620 5126841 30.217
ls_cat 15 3623 5152291 30.217
ls_cat 15 3628 5285524 30.217
ls_cat 15 3632 5303821 36.814
ls_cat 15 3636 5457990 40.827
ls_cat 15 3638 6644000 43.718
ls_cat 15 3640 6654127 43.718
ls_cat 15 3641 6807927 45.433
ls_cat 15 3649 7235748 45.998
ls_cat 15 3650 7386309 47.134
ls_cat 15 3651 7606871 47.699
ls_cat 15 3657 7943201 47.699
ls_cat 15 3658 8303498 48.836
ls_cat 15 3659 8572884 48.836
ls_cat 15 3673 8767829 49.401
ls_cat 15 3676 8798572 49.401
ls_cat 15 3680 8809586 49.401
ls_cat 15 3682 8893977 51.115
ls_cat 15 3687 9025576 51.115
ls_cat 15 3695 9111693 51.115
ls_cat 15 3700 9556781 52.81
ls_cat 15 3705 9997652 53.375
ls_cat 15 3711 10289626 54.042
ls_cat 15 3718 10734593 54.042
ls_cat 15 3721 10873811 54.042
ls_cat 15 3724 10904675 54.708
ls_cat 15 3726 11031739 54.708
ls_cat 15 3732 11104752 54.708
ls_cat 15 3733 11167084 54.708
ls_cat 15 3735 11728775 54.708
ls_cat 10 2500 773109 0
ls_cat 10 2501 1305491 0
ls_cat 10 2502 1496838 0
ls_cat 10 2514 1907166 2.858
ls_cat 10 2520 1933833 3.652
ls_cat 10 2523 2121268 3.652
ls_cat 10 2525 2277980 3.652
ls_cat 10 2531 2418420 6.346
ls_cat 10 2536 2791318 6.346
ls_cat 10 2541 3086259 6.346
ls_cat 10 2551 4198280 9.835
ls_cat 10 2559 4700380 17.445
ls_cat 10 2562 4739072 17.445
ls_cat 10 2566 4979378 18.01
ls_cat 10 2573 5054369 18.575
ls_cat 10 2574 5260018 18.575
ls_cat 10 2581 5742140 20.29
ls_cat 10 2584 5922811 22.004
ls_cat 10 2591 6007045 22.004
ls_cat 10 2592 6076156 23.141
ls_cat 10 2593 6076496 23.141
ls_cat 10 2604 6525908 33.499
ls_cat 10 2608 6570356 33.499
ls_cat 10 2613 6847565 33.499
ls_cat 10 2614 7000545 33.499
ls_cat 10 2618 7161554 33.499
ls_cat 10 2625 7316807 43.408
ls_cat 10 2631 7754839 43.973
ls_cat 10 2635 7846387 43.973
ls_cat 10 2644 7919259 49.117
ls_cat 10 2647 7933835 49.117
ls_cat 10 2658 8178560 49.117
ls_cat 10 2660 8571303 50.253
ls_cat 10 2669 8969786 50.818
ls_cat 10 2672 9202813 50.818
ls_cat 10 2673 9230156 50.818
ls_cat 10 2683 10603364 51.948
ls_cat 10 2685 10910733 52.667
ls_cat 10 2691 10911308 52.667
ls_cat 10 2694 11331695 52.667
ls_cat 10 2702 11407174 52.667
ls_cat 10 2706 11701657 55.395
ls_cat 10 2708 11834336 55.395
ls_cat 10 2713 12010520 55.395
ls_cat 10 2715 12476746 55.395
ls_cat 10 2716 12594450 55.395
ls_cat 19 4434 72978 0
ls_cat 19 4440 151539 5.889
ls_cat 19 4441 480224 6.588
ls_cat 19 4442 482055 6.588
ls_cat 19 4444 704021 6.588
ls_cat 19 4445 763731 6.588
ls_cat 19 4447 978047 6.588
ls_cat 19 4448 1144045 6.588
ls_cat 19 4458 1662451 7.153
ls_cat 19 4459 1687051 8.29
ls_cat 19 4462 1949941 8.29
ls_cat 19 4464 2328130 8.29
ls_cat 19 4469 2749298 8.29
ls_cat 19 4472 3049229 11.78
ls_cat 19 4476 3259075 11.78
ls_cat 19 4483 3287020 11.78
ls_cat 19 4486 3454683 11.78
ls_cat 19 4490 3470569 14.059
ls_cat 19 4495 3929645 16.95
ls_cat 19 4506 4130205 17.515
ls_cat 19 4510 4300923 17.515
ls_cat 19 4512 4345427 19.229
ls_cat 19 4513 4561922 19.794
ls_cat 19 4515 4687721 20.931
ls_cat 19 4518 5037228 26.157
ls_cat 19 4519 5043016 26.157
ls_cat 19 4520 5109582 26.722
ls_cat 19 4521 5684075 26.722
ls_cat 19 4531 5930561 28.436
ls_cat 19 4532 6142728 29.001
ls_cat 19 4539 6385559 29.566
ls_cat 19 4541 6405416 30.131
ls_cat 19 4545 6688934 30.696
ls_cat 19 4552 6871829 31.261
ls_cat 19 4554 7068109 31.261
ls_cat 19 4555 7146199 32.975
ls_cat 19 4558 7315827 32.975
ls_cat 19 4562 7433706 34.677
ls_cat 19 4569 7531870 36.976
ls_cat 19 4572 7924518 37.541
ls_cat 19 4577 8333320 37.541
ls_cat 19 4588 8502220 38.434
ls_cat 19 4593 8945555 38.434
ls_cat 19 4595 9945589 38.434
ls_cat 19 4597 10014028 40.236
ls_cat 19 4602 10731533 40.236
ls_cat 19 4603 10885735 40.236
ls_cat 19 4607 11034060 40.236
ls_cat 19 4608 11163491 49.989
ls_cat 19 4613 11357953 49.989
ls_cat 32 6721 269214 0
ls_cat 32 6723 277544 0
ls_cat 32 6727 977160 0
ls_cat 32 6733 1078751 2.91
ls_cat 32 6745 1270622 3.629
ls_cat 32 6746 1403681 3.629
ls_cat 32 6747 1904987 5.078
ls_cat 32 6754 2234203 5.078
ls_cat 32 6755 2261749 5.078
ls_cat 32 6760 2749736 11.038
ls_cat 32 6762 2753155 11.038
ls_cat 32 6764 2932040 13.929
ls_cat 32 6765 2983232 15.065
ls_cat 32 6771 3054591 15.63
ls_cat 32 6774 3078416 17.345
ls_cat 32 6779 3332156 17.91
ls_cat 32 6784 3373832 20.76
ls_cat 32 6785 3514643 20.76
ls_cat 32 6792 3522243 23.033
ls_cat 32 6806 3993557 25.313
ls_cat 32 6817 4230753 32.292
ls_cat 32 6822 4474565 34.007
ls_cat 32 6826 4855284 34.007
ls_cat 32 6830 4872819 34.572
ls_cat 32 6837 5038186 35.137
ls_cat 32 6848 5208005 39.164
ls_cat 32 6849 5480189 40.446
ls_cat 32 6852 5866163 41.728
ls_cat 32 6856 6053825 41.728
ls_cat 32 6863 6807221 43.01
ls_cat 32 6868 7014827 43.647
ls_cat 32 6869 7120034 48.287
ls_cat 32 6876 7822627 48.923
ls_cat 32 6883 7958569 48.923
ls_cat 32 6886 8112158 49.764
ls_cat 32 6887 8335695 49.764
ls_cat 32 6890 8389814 49.764
ls_cat 32 6894 8631730 50.604
ls_cat 32 6896 8718735 50.604
ls_cat 32 6900 8756064 52.359
ls_cat 41 7982 676806 0
ls_cat 41 7986 734046 0
ls_cat 41 7987 917566 0.704
ls_cat 41 7988 918102 0.704
ls_cat 41 7993 1698004 0.704
ls_cat 41 8006 2126474 10.738
ls_cat 41 8009 2156662 10.738
ls_cat 41 8010 2262409 11.874
ls_cat 41 8019 2278274 14.173
ls_cat 41 8023 2528405 15.875
ls_cat 41 8027 2595420 16.44
ls_cat 41 8031 2617738 17.005
ls_cat 41 8032 2735811 17.005
ls_cat 41 8033 2948038 17.005
ls_cat 41 8038 3188362 17.57
ls_cat 41 8044 3328432 19.284
ls_cat 41 8049 3379414 22.175
ls_cat 41 8051 3609883 22.175
ls_cat 41 8060 3644412 23.877
ls_cat 41 8063 3683319 27.366
ls_cat 41 8064 4146524 27.931
ls_cat 41 8067 4624412 29.068
ls_cat 41 8073 4732266 35.592
ls_cat 41 8076 4995939 36.729
ls_cat 41 8081 5522923 37.865
ls_cat 41 8086 5688833 38.43
ls_cat 41 8089 5835800 40.729
ls_cat 41 8096 6400195 42.444
ls_cat 41 8098 6888531 43.009
ls_cat 41 8099 6980446 43.009
ls_cat 41 8100 6984087 43.009
ls_cat 41 8106 7097534 43.009
ls_cat 41 8108 7209791 43.009
ls_cat 41 8112 7286220 43.009
ls_cat 41 8118 7353682 43.009
ls_cat 41 8126 7540555 43.009
ls_cat 12 2866 27168 0
ls_cat 12 2869 150195 0
ls_cat 12 2875 1736598 3.931
ls_cat 12 2879 2114704 5.23
ls_cat 12 2881 2371131 9.232
ls_cat 12 2883 2383174 13.234
ls_cat 12 2888 3212340 14.104
ls_cat 12 2904 3459120 15.805
ls_cat 12 2905 3497130 21.135
ls_cat 12 2911 3935815 22.272
ls_cat 12 2916 4114500 23.408
ls_cat 12 2919 4338387 24.538
ls_cat 12 2922 4537720 25.103
ls_cat 12 2926 4923555 26.233
ls_cat 12 2930 4961486 27.935
ls_cat 12 2939 5298817 27.935
ls_cat 12 2940 5517455 32.644
ls_cat 12 2942 5532115 32.644
ls_cat 12 2943 5845730 33.209
ls_cat 12 2946 5999825 37.305
ls_cat 12 2948 6803665 37.87
ls_cat 12 2955 6930816 38.435
ls_cat 12 2957 6971862 39
ls_cat 12 2960 7262346 39
ls_cat 12 2966 7626553 40.136
ls_cat 12 2972 7671358 41.851
ls_cat 12 2975 7765846 41.851
ls_cat 12 2979 7787435 41.851
ls_cat 12 2981 7831910 41.851
ls_cat 12 2984 7845533 43.565
ls_cat 12 2990 7996986 45.279
ls_cat 12 2996 8575419 46.409
ls_cat 12 3005 9047791 46.974
ls_cat 12 3006 9176233 46.974
ls_cat 12 3009 9359318 46.974
ls_cat 12 3011 9495164 46.974
ls_cat 12 3016 9585293 48.689
ls_cat 12 3022 10058273 48.689
ls_cat 12 3028 10487181 49.356
ls_cat 12 3029 10496955 50.022
ls_cat 12 3030 10522374 51.365
ls_cat 12 3037 11060053 52.031
ls_cat 12 3039 11254118 52.031
ls_cat 12 3042 11267437 52.031
ls_cat 12 3044 11865319 52.031
ls_cat 12 3046 11912935 52.031
ls_cat 12 3047 11947902 52.031
ls_cat 12 3050 11963393 52.031
ls_cat 12 3053 11972631 52.031
ls_cat 12 3057 12047327 52.031
ls_cat 12 3058 12126066 52.031
ls_cat 12 3063 12234902 52.031
ls_cat 12 3070 12556593 52.031
ls_cat 12 3071 12702601 52.031
ls_cat 35 7209 89023 0
ls_cat 35 7210 631790 0
ls_cat 35 7212 789498 0
ls_cat 35 7219 2118544 0.893
ls_cat 35 7221 2375830 0.893
ls_cat 35 7231 2550163 2.351
ls_cat 35 7235 2624855 2.916
ls_cat 35 7241 2687687 4.63
ls_cat 35 7252 2825935 5.195
ls_cat 35 7254 3043741 7.494
ls_cat 35 7258 3086107 9.209
ls_cat 35 7266 3179247 9.209
ls_cat 35 7272 3223184 10.923
ls_cat 35 7275 3231087 11.488
ls_cat 35 7278 3555474 13.19
ls_cat 35 7280 3587255 13.19
ls_cat 35 7283 3637901 14.904
ls_cat 35 7284 3800563 14.904
ls_cat 35 7286 3827647 14.904
ls_cat 35 7288 4013204 15.469
ls_cat 35 7290 4112346 17.184
ls_cat 35 7293 4242100 17.184
ls_cat 35 7301 4596792 21.893
ls_cat 35 7302 4699416 22.458
ls_cat 35 7307 4819845 24.172
ls_cat 35 7329 4938256 28.268
ls_cat 35 7333 5363649 28.833
ls_cat 35 7340 5654722 29.97
ls_cat 35 7346 5684814 29.97
ls_cat 35 7349 5743512 32.269
ls_cat 35 7351 5754870 34.568
ls_cat 35 7352 5786559 35.705
ls_cat 35 7353 6750355 35.705
ls_cat 35 7354 6762251 35.705
ls_cat 35 7358 6832736 35.705
ls_cat 35 7362 6974603 35.705
ls_cat 35 7364 7036734 35.705
ls_cat 35 7378 7891924 35.705
ls_cat 35 7380 8092876 35.705
ls_cat 35 7399 8359401 35.705
ls_cat 28 6117 3368 0
ls_cat 28 6123 486202 4.351
ls_cat 28 6124 529370 4.351
ls_cat 28 6128 529950 4.351
ls_cat 28 6131 907606 7.045
ls_cat 28 6135 1437463 7.045
ls_cat 28 6142 2228388 7.711
ls_cat 28 6145 2340312 13.311
ls_cat 28 6148 2434136 13.311
ls_cat 28 6149 2563319 14.448
ls_cat 28 6152 3341037 15.013
ls_cat 28 6164 3498212 19.068
ls_cat 28 6166 3660969 21.959
ls_cat 28 6170 3675750 24.258
ls_cat 28 6176 4020209 25.394
ls_cat 28 6184 4356138 30.104
ls_cat 28 6186 4880865 30.104
ls_cat 28 6187 4947661 36.063
ls_cat 28 6194 5062389 36.063
ls_cat 28 6195 5773842 37.199
ls_cat 28 6197 6240615 37.199
ls_cat 28 6203 6617487 37.764
ls_cat 28 6212 6633599 38.329
ls_cat 28 6214 6665783 38.329
ls_cat 28 6221 7086846 38.996
ls_cat 28 6227 7100775 39.889
ls_cat 28 6238 7471356 40.782
ls_cat 28 6248 7776998 41.675
ls_cat 28 6250 8138987 41.675
ls_cat 28 6258 8427163 41.675
ls_cat 28 6262 8710663 41.675
ls_cat 28 6263 8931435 41.675
ls_cat 28 6265 9059550 41.675
ls_cat 28 6266 9075791 41.675
ls_cat 28 6269 9087843 41.675
ls_cat 28 6271 9238274 41.675
ls_cat 23 5321 2066368 0
ls_cat 23 5325 2103713 0
ls_cat 23 5326 2226389 0
ls_cat 23 5329 2387768 0
ls_cat 23 5336 2965669 0.719
ls_cat 23 5339 3179859 1.439
ls_cat 23 5341 3205009 1.439
ls_cat 23 5342 3288886 1.439
ls_cat 23 5343 3352231 1.439
ls_cat 23 5347 3363743 5.83
ls_cat 23 5354 3397080 8.13
ls_cat 23 5362 3486185 8.13
ls_cat 23 5368 3652064 8.13
ls_cat 23 5377 3716887 10.974
ls_cat 23 5380 3812310 11.539
ls_cat 23 5382 3999431 12.104
ls_cat 23 5384 4259928 12.669
ls_cat 23 5385 4430395 16.159
ls_cat 23 5389 4489630 16.724
ls_cat 23 5396 4611247 19.003
ls_cat 23 5401 4781290 19.568
ls_cat 23 5402 4950503 19.568
ls_cat 23 5405 5008983 19.568
ls_cat 23 5413 5027781 22.432
ls_cat 23 5418 5123659 22.997
ls_cat 23 5423 5308044 24.134
ls_cat 23 5424 5394702 27.623
ls_cat 23 5427 5577910 27.623
ls_cat 23 5429 5606057 28.76
ls_cat 23 5430 5755526 28.76
ls_cat 23 5435 5860550 29.89
ls_cat 23 5440 6008438 32.169
ls_cat 23 5445 6499541 35.033
ls_cat 23 5448 6585364 35.598
ls_cat 23 5454 7317615 37.878
ls_cat 23 5456 7439894 38.443
ls_cat 23 5480 8384515 38.443
ls_cat 23 5481 8441636 38.443
ls_cat 23 5485 8456018 39.008
ls_cat 23 5494 9011101 40.138
ls_cat 23 5501 9045719 41.268
ls_cat 23 5502 9051508 41.268
ls_cat 23 5503 9266459 41.268
ls_cat 23 5507 9320980 41.268
ls_cat 23 5508 9697948 41.268
ls_cat 23 5509 10073088 41.268
ls_cat 23 5514 10186006 41.268
ls_cat 23 5517 10304037 41.268
ls_cat 23 5522 10478830 41.268
ls_cat 23 5523 10598925 41.268
ls_cat 16 3751 42939 0
ls_cat 16 3752 223698 0
ls_cat 16 3759 1248731 0
ls_cat 16 3763 1389660 0.637
ls_cat 16 3768 1395041 0.637
ls_cat 16 3771 1675138 2.556
ls_cat 16 3772 1779724 3.193
ls_cat 16 3773 2023593 3.193
ls_cat 16 3776 2283806 3.193
ls_cat 16 3777 2630595 4.329
ls_cat 16 3785 2733844 4.894
ls_cat 16 3788 2872489 5.459
ls_cat 16 3794 2985087 6.024
ls_cat 16 3797 3050744 6.024
ls_cat 16 3799 3253664 10.734
ls_cat 16 3801 3980249 11.299
ls_cat 16 3806 4510312 12.435
ls_cat 16 3808 4510620 12.435
ls_cat 16 3811 4639876 14.15
ls_cat 16 3818 4677467 15.286
ls_cat 16 3819 4685745 15.286
ls_cat 16 3830 4786093 15.851
ls_cat 16 3835 4799571 19.878
ls_cat 16 3837 5125960 21.015
ls_cat 16 3842 5231416 22.729
ls_cat 16 3846 6517435 28.575
ls_cat 16 3851 6811070 30.276
ls_cat 16 3853 6820524 30.841
ls_cat 16 3859 6934934 31.971
ls_cat 16 3862 6974272 31.971
ls_cat 16 3872 7402378 31.971
ls_cat 16 3875 7506746 31.971
ls_cat 16 3880 7615698 33.108
ls_cat 16 3887 7960947 33.108
ls_cat 16 3892 7971927 33.673
ls_cat 16 3894 8307144 33.673
ls_cat 16 3896 9315297 34.238
ls_cat 16 3902 9346934 35.374
ls_cat 16 3904 9381144 38.265
ls_cat 16 3911 9394131 38.265
ls_cat 16 3920 9546562 38.83
ls_cat 16 3922 9562376 38.83
ls_cat 16 3925 9630738 38.83
ls_cat 16 3933 9862703 39.96
ls_cat 16 3937 10191826 40.525
ls_cat 16 3946 10209133 41.655
ls_cat 16 3951 10247185 41.655
ls_cat 16 3953 10291575 41.655
ls_cat 16 3954 10637584 41.655
ls_cat 16 3958 10813462 41.655
ls_cat 16 3963 11041988 41.655
ls_cat 16 3965 11131376 41.655
ls_cat 16 3967 11132071 42.322
ls_cat 16 3974 11715763 42.322
ls_cat 16 3975 11782105 42.322
ls_cat 16 3978 11937924 42.322
ls_cat 25 5661 460827 0
ls_cat 25 5664 723131 0
ls_cat 25 5667 749978 3.51
ls_cat 25 5680 1338522 4.21
ls_cat 25 5690 1782725 5.618
ls_cat 25 5697 1834366 6.754
ls_cat 25 5700 1892448 11.415
ls_cat 25 5702 2269082 11.98
ls_cat 25 5704 2523693 17.311
ls_cat 25 5707 2562740 17.311
ls_cat 25 5709 2870705 17.311
ls_cat 25 5713 3261705 20.202
ls_cat 25 5715 3708523 21.916
ls_cat 25 5719 4212726 22.481
ls_cat 25 5722 4311800 24.78
ls_cat 25 5729 4375980 28.216
ls_cat 25 5732 4760004 28.781
ls_cat 25 5733 4790278 28.781
ls_cat 25 5734 4885745 28.781
ls_cat 25 5737 5037412 34.013
ls_cat 25 5740 5122822 35.15
ls_cat 25 5745 5282586 38.041
ls_cat 25 5747 6167428 39.177
ls_cat 25 5748 6196554 39.177
ls_cat 25 5749 6223180 39.177
ls_cat 25 5751 6238002 39.742
ls_cat 25 5754 6353367 42.041
ls_cat 25 5755 6648447 42.606
ls_cat 25 5756 6835531 42.606
ls_cat 25 5759 7118767 43.743
ls_cat 25 5761 7244468 44.879
ls_cat 25 5763 7380952 44.879
ls_cat 25 5769 7403789 46.594
ls_cat 25 5772 7480267 47.159
ls_cat 25 5775 7529097 51.213
ls_cat 25 5777 7530254 54.703
ls_cat 25 5780 7984933 54.703
ls_cat 25 5785 8295668 54.703
ls_cat 25 5796 8736202 54.703
ls_cat 25 5802 8847001 54.703
ls_cat 25 5804 8901047 54.703
ls_cat 25 5814 9062837 56.046
ls_cat 25 5818 9555646 56.046
ls_cat 25 5822 9570487 56.046
ls_cat 25 5827 9571040 56.046
ls_cat 25 5829 9792996 56.046
ls_cat 25 5831 10181021 56.046
ls_cat 11 2725 1180990 0
ls_cat 11 2728 1406053 0
ls_cat 11 2730 2337043 0
ls_cat 11 2737 2890398 0
ls_cat 11 2738 2927734 0
ls_cat 11 2739 3000960 0
ls_cat 11 2740 3054168 0
ls_cat 11 2742 3199294 0
ls_cat 11 2743 3364387 0
ls_cat 11 2746 3634080 6.372
ls_cat 11 2750 3700314 7.234
ls_cat 11 2752 4210294 7.234
ls_cat 11 2758 4986869 7.901
ls_cat 11 2765 5214383 9.243
ls_cat 11 2771 5292397 9.243
ls_cat 11 2777 5446936 14.819
ls_cat 11 2782 5720576 18.833
ls_cat 11 2796 6923803 23.494
ls_cat 11 2801 7377565 23.494
ls_cat 11 2804 7543080 23.494
ls_cat 11 2807 7927480 24.63
ls_cat 11 2808 7988265 24.63
ls_cat 11 2812 8018161 24.63
ls_cat 11 2820 8898165 26.344
ls_cat 11 2828 9365369 32.72
ls_cat 11 2839 10034691 33.856
ls_cat 11 2841 10206161 33.856
ls_cat 11 2845 10302592 33.856
ls_cat 11 2849 10575004 33.856
ls_cat 11 2850 10797379 33.856
ls_cat 11 2855 11202257 33.856
ls_cat 11 2856 11380946 33.856
ls_cat 11 2857 11971590 33.856
ls_cat 11 2859 12274560 33.856
ls_cat 11 2862 12717886 33.856
ls_cat 8 2092 1125104 0
ls_cat 8 2097 1824347 0
ls_cat 8 2103 1908404 0
ls_cat 8 2108 2140047 0
ls_cat 8 2109 2303215 0
ls_cat 8 2113 2359106 0
ls_cat 8 2114 2387915 0
ls_cat 8 2116 2412944 0
ls_cat 8 2120 2973842 0
ls_cat 8 2123 2975940 3.49
ls_cat 8 2124 3099304 4.626
ls_cat 8 2126 3387453 4.626
ls_cat 8 2127 3574560 13.184
ls_cat 8 2132 3831031 13.749
ls_cat 8 2134 4509618 14.314
ls_cat 8 2139 5215916 14.879
ls_cat 8 2140 5381868 16.593
ls_cat 8 2143 5924012 17.158
ls_cat 8 2144 6057780 17.723
ls_cat 8 2146 6119526 19.437
ls_cat 8 2155 6314401 19.437
ls_cat 8 2156 6456703 19.437
ls_cat 8 2158 6532975 19.437
ls_cat 8 2161 6821178 19.437
ls_cat 8 2167 7357261 19.437
ls_cat 8 2169 7452971 20.002
ls_cat 8 2171 7456632 20.002
ls_cat 8 2177 7885327 21.704
ls_cat 8 2195 7961932 23.97
ls_cat 8 2197 8108346 25.685
ls_cat 8 2208 8793227 27.964
ls_cat 8 2215 8815619 30.23
ls_cat 8 2224 9727820 33.666
ls_cat 8 2227 10074833 33.666
ls_cat 8 2233 10455438 33.666
ls_cat 8 2237 10607443 34.231
ls_cat 8 2245 10811298 35.361
ls_cat 8 2247 10913706 35.926
ls_cat 8 2249 10924152 35.926
ls_cat 8 2250 11100745 35.926
ls_cat 8 2251 11333600 36.645
ls_cat 8 2254 11495855 38.095
ls_cat 8 2255 12130515 38.095
ls_cat 8 2262 12426931 38.095
ls_cat 8 2264 12636412 38.095
ls_cat 8 2270 13192674 38.095
ls_cat 8 2273 13450404 38.095
ls_cat 8 2279 13664695 43.984
ls_cat 8 2281 13722133 43.984
ls_cat 29 6274 399079 0
ls_cat 29 6276 587184 20.699
ls_cat 29 6282 717617 21.365
ls_cat 29 6288 1840660 26.075
ls_cat 29 6289 2213932 30.784
ls_cat 29 6296 2798923 34.798
ls_cat 29 6300 2888821 35.363
ls_cat 29 6302 3173403 35.363
ls_cat 29 6318 3895015 38.853
ls_cat 29 6326 4553495 41.152
ls_cat 29 6330 4572677 41.717
ls_cat 29 6333 5076296 41.717
ls_cat 29 6336 5257168 45.153
ls_cat 29 6337 5565993 45.718
ls_cat 29 6343 5644719 47.432
ls_cat 29 6345 5825558 51.528
ls_cat 29 6347 5957649 52.093
ls_cat 29 6358 6187337 52.093
ls_cat 29 6363 6236309 52.093
ls_cat 29 6371 6345154 52.658
ls_cat 29 6378 7426899 53.794
ls_cat 29 6380 7582963 53.794
ls_cat 29 6383 7623811 53.794
ls_cat 29 6390 7641182 53.794
ls_cat 29 6397 7912735 53.794
ls_cat 29 6399 7952083 53.794
ls_cat 29 6406 8074923 53.794
ls_cat 29 6414 8544405 53.794
ls_cat 50 9010 108564 0
ls_cat 50 9014 108886 0
ls_cat 50 9015 154600 11.157
ls_cat 50 9023 219888 11.157
ls_cat 50 9030 417482 11.157
ls_cat 50 9033 811676 11.157
ls_cat 50 9038 862128 11.157
ls_cat 50 9042 1473766 11.157
ls_cat 50 9046 1581123 11.157
ls_cat 50 9049 1873379 11.861
ls_cat 50 9059 1976467 16.571
ls_cat 50 9065 2069354 20.061
ls_cat 50 9067 2230773 20.061
ls_cat 50 9073 2238489 20.626
ls_cat 50 9077 2437646 22.327
ls_cat 50 9083 2832549 28.286
ls_cat 50 9085 2922660 28.286
ls_cat 50 9087 2951833 32.947
ls_cat 50 9090 3034406 34.084
ls_cat 50 9092 3419471 38.111
ls_cat 50 9098 3633749 38.111
ls_cat 50 9101 4321627 38.111
ls_cat 50 9105 4500808 38.676
ls_cat 50 9106 4724300 38.676
ls_cat 50 9110 4778104 40.39
ls_cat 50 9115 4834433 40.955
ls_cat 50 9117 4954306 40.955
ls_cat 50 9122 5686356 40.955
ls_cat 50 9126 5736210 40.955
ls_cat 50 9129 6178258 40.955
ls_cat 50 9131 6353846 40.955
ls_cat 50 9133 6407124 40.955
ls_cat 7 1921 287709 0
ls_cat 7 1922 428273 0
ls_cat 7 1923 709955 0
ls_cat 7 1926 764727 0
ls_cat 7 1932 1039701 0
ls_cat 7 1935 1563742 0.654
ls_cat 7 1940 1912596 0.654
ls_cat 7 1944 2118114 0.654
ls_cat 7 1950 2200640 0.654
ls_cat 7 1955 2269947 0.654
ls_cat 7 1968 2622527 2.368
ls_cat 7 1969 2676732 2.368
ls_cat 7 1972 2850534 3.504
ls_cat 7 1977 3967726 6.355
ls_cat 7 1979 4472551 12.315
ls_cat 7 1981 4504065 16.976
ls_cat 7 1986 5223830 17.541
ls_cat 7 1995 5528904 18.106
ls_cat 7 1997 5940672 19.242
ls_cat 7 2002 6242868 23.903
ls_cat 7 2003 6473064 25.617
ls_cat 7 2004 6685495 26.182
ls_cat 7 2005 6739712 29.073
ls_cat 7 2007 7155840 29.073
ls_cat 7 2011 7457789 32.563
ls_cat 7 2022 7856922 34.842
ls_cat 7 2026 8028991 34.842
ls_cat 7 2028 8365464 35.972
ls_cat 7 2029 8648295 36.537
ls_cat 7 2032 8681916 37.102
ls_cat 7 2036 9067442 37.102
ls_cat 7 2042 9488758 39.402
ls_cat 7 2043 9538769 39.967
ls_cat 7 2047 9747839 39.967
ls_cat 7 2053 9827817 39.967
ls_cat 7 2054 9995220 39.967
ls_cat 7 2059 10003722 39.967
ls_cat 7 2060 10079867 44.676
ls_cat 7 2066 10304128 46.377
ls_cat 7 2070 10749068 46.942
ls_cat 7 2071 11235166 46.942
ls_cat 7 2074 11439596 46.942
ls_cat 7 2078 11676813 46.942
ls_cat 7 2080 11755408 46.942
ls_cat 7 2081 11944574 46.942
ls_cat 7 2083 12530305 46.942
ls_cat 7 2084 13012938 46.942
ls_cat 7 2085 13183392 46.942
ls_cat 7 2087 13574080 46.942
ls_cat 7 2089 14159619 46.942
ls_cat 7 2090 14159939 46.942
ls_cat 52 9184 241723 0
ls_cat 52 9187 492283 0
ls_cat 52 9194 669466 0
ls_cat 52 9199 725937 0
ls_cat 52 9201 726482 1.342
ls_cat 52 9207 765252 1.342
ls_cat 52 9209 766826 1.342
ls_cat 52 9210 850588 1.342
ls_cat 52 9213 901289 1.342
ls_cat 52 9215 1398268 1.907
ls_cat 52 9221 1472200 3.044
ls_cat 52 9229 1488613 3.044
ls_cat 52 9232 1527843 5.343
ls_cat 52 9239 1872011 5.343
ls_cat 52 9245 1880333 6.479
ls_cat 52 9246 1902742 6.479
ls_cat 52 9251 2030367 7.616
ls_cat 52 9260 2138984 9.317
ls_cat 52 9264 2212274 9.317
ls_cat 52 9268 2304953 12.773
ls_cat 52 9271 2381645 15.072
ls_cat 52 9272 2623070 15.637
ls_cat 52 9273 2784953 15.637
ls_cat 52 9279 2871502 18.528
ls_cat 52 9280 2881890 19.093
ls_cat 52 9281 2892968 19.658
ls_cat 52 9288 3084948 27.259
ls_cat 52 9296 4053161 28.389
ls_cat 52 9299 4313303 28.389
ls_cat 52 9302 4342670 28.389
ls_cat 52 9315 4350269 30.103
ls_cat 52 9321 4393639 30.668
ls_cat 52 9325 5226082 33.559
ls_cat 52 9330 5459210 35.008
ls_cat 52 9332 5487055 35.728
ls_cat 52 9335 5895116 35.728
ls_cat 52 9338 5895485 35.728
ls_cat 52 9343 5945470 35.728
ls_cat 52 9348 6003373 35.728
ls_cat 44 8347 35558 0
ls_cat 44 8349 682933 0
ls_cat 44 8355 712294 0
ls_cat 44 8358 882631 0
ls_cat 44 8360 1135216 1.639
ls_cat 44 8373 2495626 4.119
ls_cat 44 8385 2554826 14.257
ls_cat 44 8390 2765189 15.896
ls_cat 44 8392 3180846 15.896
ls_cat 44 8394 3249107 17.033
ls_cat 44 8399 3365881 18.169
ls_cat 44 8404 3805239 20.469
ls_cat 44 8405 3897100 20.469
ls_cat 44 8411 3956092 23.925
ls_cat 44 8412 4111114 23.925
ls_cat 44 8414 4248498 25.061
ls_cat 44 8416 4563991 25.061
ls_cat 44 8420 4752923 26.197
ls_cat 44 8436 4803136 26.197
ls_cat 44 8437 5021829 26.197
ls_cat 44 8438 5354189 26.197
ls_cat 44 8440 5548073 26.762
ls_cat 44 8444 5681506 26.762
ls_cat 44 8451 5937254 27.899
ls_cat 44 8458 5990982 29.035
ls_cat 44 8459 6016215 29.035
ls_cat 44 8460 6153757 29.035
ls_cat 44 8463 6874372 29.035
ls_cat 44 8466 7186958 29.035
ls_cat 44 8468 7226114 29.035
ls_cat 24 5526 729576 0
ls_cat 24 5527 756601 0
ls_cat 24 5531 901995 0
ls_cat 24 5534 1077470 2.891
ls_cat 24 5543 1544698 2.891
ls_cat 24 5547 1593884 7.463
ls_cat 24 5550 2360208 10.354
ls_cat 24 5551 2778272 10.354
ls_cat 24 5552 3329846 12.653
ls_cat 24 5555 3734506 12.653
ls_cat 24 5565 3794029 15.498
ls_cat 24 5568 3960662 15.498
ls_cat 24 5575 4810813 16.063
ls_cat 24 5580 4912932 18.914
ls_cat 24 5583 5560591 18.914
ls_cat 24 5588 5748104 18.914
ls_cat 24 5589 5842727 20.05
ls_cat 24 5591 5852400 20.05
ls_cat 24 5593 6029187 22.349
ls_cat 24 5596 6106990 24.064
ls_cat 24 5601 6258909 27.499
ls_cat 24 5604 6483373 27.499
ls_cat 24 5607 6738069 28.064
ls_cat 24 5609 6898192 28.064
ls_cat 24 5612 6899557 29.201
ls_cat 24 5615 7188298 29.201
ls_cat 24 5618 7312846 29.766
ls_cat 24 5626 7575281 29.766
ls_cat 24 5627 7601688 29.766
ls_cat 24 5635 7638376 30.902
ls_cat 24 5638 8025563 30.902
ls_cat 24 5639 8056087 32.704
ls_cat 24 5647 8183814 32.704
ls_cat 24 5649 8419330 32.704
ls_cat 24 5653 8471945 36.194
ls_cat 24 5659 9537314 36.194
ls_cat 39 7721 163662 0
ls_cat 39 7736 281201 0
ls_cat 39 7738 343033 1.053
ls_cat 39 7740 397189 1.053
ls_cat 39 7745 414812 1.772
ls_cat 39 7748 415176 1.772
ls_cat 39 7757 825154 2.492
ls_cat 39 7759 900894 3.211
ls_cat 39 7761 1059969 3.211
ls_cat 39 7764 1062070 4.912
ls_cat 39 7766 1377752 4.912
ls_cat 39 7768 1647121 7.192
ls_cat 39 7769 1847938 11.288
ls_cat 39 7776 2126549 13.56
ls_cat 39 7777 2141264 13.56
ls_cat 39 7778 2627385 13.56
ls_cat 39 7779 2661811 14.697
ls_cat 39 7781 2799210 16.411
ls_cat 39 7785 2982655 18.126
ls_cat 39 7788 3195044 21.582
ls_cat 39 7791 3661547 21.582
ls_cat 39 7793 3811535 21.582
ls_cat 39 7799 4132603 27.351
ls_cat 39 7800 4220103 27.351
ls_cat 39 7813 4506426 28.693
ls_cat 39 7818 4719782 28.693
ls_cat 39 7819 4793816 30.036
ls_cat 39 7827 5518554 31.378
ls_cat 39 7833 5538298 36.978
ls_cat 39 7834 5672521 36.978
ls_cat 39 7839 6723483 39.7
ls_cat 39 7845 6739928 39.7
ls_cat 39 7855 6868849 39.7
ls_cat 39 7857 7180377 39.7
ls_cat 39 7858 7276829 39.7
ls_cat 39 7860 7305424 39.7
ls_cat 34 7079 1382301 0
ls_cat 34 7094 2034033 0
ls_cat 34 7098 2104324 2.722
ls_cat 34 7104 2112947 17.496
ls_cat 34 7109 2752012 17.496
ls_cat 34 7112 2891089 17.496
ls_cat 34 7114 3078851 22.206
ls_cat 34 7116 3262665 23.907
ls_cat 34 7121 3273383 23.907
ls_cat 34 7131 3311545 23.907
ls_cat 34 7138 3344896 26.798
ls_cat 34 7143 3465145 33.179
ls_cat 34 7150 4763611 33.179
ls_cat 34 7166 6147728 35.478
ls_cat 34 7171 6220721 35.478
ls_cat 34 7174 6477249 35.478
ls_cat 34 7179 6599824 36.043
ls_cat 34 7185 6621433 36.043
ls_cat 34 7187 6953229 36.608
ls_cat 34 7188 7553822 36.608
ls_cat 34 7190 7746734 37.275
ls_cat 34 7191 7821644 37.275
ls_cat 34 7195 8226782 37.275
ls_cat 34 7196 8439253 37.275
ls_cat 34 7201 8465133 37.275
ls_cat 34 7204 8608952 37.275
ls_cat 34 7208 8712828 37.275
ls_cat 43 8251 329756 0
ls_cat 43 8253 429266 0
ls_cat 43 8258 478253 1.087
ls_cat 43 8264 664859 1.087
ls_cat 43 8265 693421 1.087
ls_cat 43 8270 1234538 4.537
ls_cat 43 8274 1488861 9.805
ls_cat 43 8279 1621661 11.973
ls_cat 43 8283 2552753 21.753
ls_cat 43 8285 3258668 21.753
ls_cat 43 8286 3590872 23.943
ls_cat 43 8293 4098238 24.663
ls_cat 43 8301 4622477 28.368
ls_cat 43 8303 4864109 29.818
ls_cat 43 8323 4874799 37.525
ls_cat 43 8326 5583796 37.525
ls_cat 43 8330 5858119 37.525
ls_cat 43 8331 5891166 37.525
ls_cat 43 8336 6052725 39.824
ls_cat 43 8339 7110771 39.824
ls_cat 26 5833 194397 0
ls_cat 26 5837 530047 0
ls_cat 26 5840 1311988 0
ls_cat 26 5843 1444252 0
ls_cat 26 5849 1633987 0.667
ls_cat 26 5852 1880547 2
ls_cat 26 5855 2000276 2
ls_cat 26 5867 2534140 4.891
ls_cat 26 5873 2947150 4.891
ls_cat 26 5875 2952967 10.68
ls_cat 26 5882 3549882 11.245
ls_cat 26 5886 3582646 11.245
ls_cat 26 5887 3860283 12.959
ls_cat 26 5892 3923869 15.259
ls_cat 26 5895 3978859 18.749
ls_cat 26 5896 4437621 21.048
ls_cat 26 5897 4825501 21.048
ls_cat 26 5898 5409657 25.144
ls_cat 26 5899 5603703 28.633
ls_cat 26 5913 5987055 30.328
ls_cat 26 5927 6670528 31.465
ls_cat 26 5932 6725697 31.465
ls_cat 26 5933 6789438 32.131
ls_cat 26 5937 6877761 33.474
ls_cat 26 5940 7227825 33.474
ls_cat 26 5949 7864764 35.501
ls_cat 26 5950 8077138 35.501
ls_cat 26 5952 8297922 36.168
ls_cat 26 5957 8506629 38.89
ls_cat 26 5962 9006347 38.89
ls_cat 26 5971 9652521 38.89
ls_cat 26 5976 9782033 38.89
ls_cat 26 5979 9823143 38.89
ls_cat 40 7864 457882 0
ls_cat 40 7866 571193 0
ls_cat 40 7869 680110 0
ls_cat 40 7870 980682 2.29
ls_cat 40 7871 1049706 2.29
ls_cat 40 7884 1110661 2.29
ls_cat 40 7890 1419594 2.29
ls_cat 40 7892 1563155 2.29
ls_cat 40 7900 1677607 2.29
ls_cat 40 7903 1803482 3.427
ls_cat 40 7909 2048207 5.706
ls_cat 40 7910 2484373 5.706
ls_cat 40 7914 2831561 6.271
ls_cat 40 7915 3057592 6.836
ls_cat 40 7918 3374589 10.932
ls_cat 40 7919 3558360 10.932
ls_cat 40 7924 3795102 17.529
ls_cat 40 7926 3821032 25.72
ls_cat 40 7930 4100926 26.285
ls_cat 40 7931 4576848 26.285
ls_cat 40 7932 4798312 26.285
ls_cat 40 7933 4846365 26.85
ls_cat 40 7938 5058824 28.565
ls_cat 40 7943 5320495 30.279
ls_cat 40 7949 5495434 31.98
ls_cat 40 7950 5631780 33.389
ls_cat 40 7954 6032482 33.389
ls_cat 40 7957 6191992 35.128
ls_cat 40 7959 6426981 35.128
ls_cat 40 7962 7267651 35.128
ls_cat 40 7963 7336486 35.128
ls_cat 40 7965 7441954 35.128
ls_cat 40 7971 7480042 35.128
ls_cat 40 7975 7676332 56.604
ls_cat 40 7979 7857610 56.604
ls_cat 38 7595 460580 0
ls_cat 38 7598 603769 0
ls_cat 38 7599 608479 0
ls_cat 38 7601 610534 0
ls_cat 38 7608 1056753 6.048
ls_cat 38 7611 1273846 8.939
ls_cat 38 7614 1574121 11.238
ls_cat 38 7620 1837094 11.238
ls_cat 38 7628 2143968 19.795
ls_cat 38 7632 2426530 22.075
ls_cat 38 7635 2495824 23.211
ls_cat 38 7640 2670922 23.211
ls_cat 38 7643 2963866 24.348
ls_cat 38 7645 3015611 26.062
ls_cat 38 7653 3068096 27.198
ls_cat 38 7655 3545725 37.797
ls_cat 38 7656 3745802 37.797
ls_cat 38 7659 4655925 43.756
ls_cat 38 7662 4780526 43.756
ls_cat 38 7666 5359983 45.458
ls_cat 38 7670 5553668 45.458
ls_cat 38 7679 5721174 45.458
ls_cat 38 7686 5825481 46.023
ls_cat 38 7688 6037297 46.023
ls_cat 38 7695 6252845 46.023
ls_cat 38 7697 6257549 47.159
ls_cat 38 7702 6480346 47.724
ls_cat 38 7713 6611962 47.724
ls_cat 38 7716 7200369 47.724
ls_cat 38 7719 7271500 47.724
ls_cat 27 5983 275080 0
ls_cat 27 5984 284470 0
ls_cat 27 5985 622291 0
ls_cat 27 5986 635875 0
ls_cat 27 5988 687736 0
ls_cat 27 5989 940584 0
ls_cat 27 5996 1335615 0.893
ls_cat 27 5997 1395025 0.893
ls_cat 27 5999 1657685 0.893
ls_cat 27 6001 2054205 1.56
ls_cat 27 6003 2122657 1.56
ls_cat 27 6009 2194952 1.56
ls_cat 27 6017 2276468 1.56
ls_cat 27 6018 2536880 1.56
ls_cat 27 6020 2549095 5.655
ls_cat 27 6024 2561584 7.357
ls_cat 27 6026 2581289 7.922
ls_cat 27 6029 2627610 9.058
ls_cat 27 6044 3061777 9.623
ls_cat 27 6045 3100095 10.188
ls_cat 27 6047 3380762 11.903
ls_cat 27 6050 3441874 13.039
ls_cat 27 6052 3952175 16.529
ls_cat 27 6055 4188174 17.094
ls_cat 27 6056 4427656 22.424
ls_cat 27 6060 5161733 24.139
ls_cat 27 6062 5516429 25.853
ls_cat 27 6071 5533755 28.133
ls_cat 27 6074 5646822 32.146
ls_cat 27 6077 6044222 32.146
ls_cat 27 6080 6141526 34.446
ls_cat 27 6081 6606984 35.011
ls_cat 27 6085 6624995 40.97
ls_cat 27 6094 7395868 42.684
ls_cat 27 6099 7799534 44.525
ls_cat 27 6104 8166559 44.525
ls_cat 27 6107 8400572 44.525
ls_cat 27 6109 9085632 44.525
ls_cat 45 8478 500269 1.471
ls_cat 45 8485 548236 16.585
ls_cat 45 8492 1290245 21.491
ls_cat 45 8502 1394867 24.947
ls_cat 45 8507 1762591 24.947
ls_cat 45 8511 1996007 24.947
ls_cat 45 8516 2057679 27.811
ls_cat 45 8521 2421327 28.376
ls_cat 45 8524 2641068 29.512
ls_cat 45 8530 2848034 30.649
ls_cat 45 8534 2890783 32.363
ls_cat 45 8536 3353930 34.078
ls_cat 45 8541 3362867 35.779
ls_cat 45 8544 3763011 39.269
ls_cat 45 8545 3768747 39.834
ls_cat 45 8549 4107709 43.93
ls_cat 45 8556 4453662 44.495
ls_cat 45 8560 4656281 45.631
ls_cat 45 8569 4763823 45.631
ls_cat 45 8572 4978130 49.23
ls_cat 45 8580 5049586 49.23
ls_cat 45 8586 5290210 49.23
ls_cat 45 8593 5505561 49.929
ls_cat 45 8602 6092178 50.628
ls_cat 45 8606 6461140 50.628
ls_cat 45 8610 6966551 50.628
ls_cat 45 8611 7097521 50.628
ls_cat 31 6604 281510 0
ls_cat 31 6608 595948 0
ls_cat 31 6609 1327500 0
ls_cat 31 6611 1400172 0
ls_cat 31 6616 1655227 11.298
ls_cat 31 6618 1904661 11.298
ls_cat 31 6622 2205309 11.298
ls_cat 31 6630 2328035 20.836
ls_cat 31 6640 3381489 30.745
ls_cat 31 6647 4181905 30.745
ls_cat 31 6655 4654180 31.31
ls_cat 31 6670 5838180 38.297
ls_cat 31 6672 6410321 39.433
ls_cat 31 6678 6425846 41.713
ls_cat 31 6682 6780201 41.713
ls_cat 31 6689 7045778 43.414
ls_cat 31 6696 7284036 43.414
ls_cat 31 6701 7388406 43.414
ls_cat 31 6705 7436707 43.414
ls_cat 31 6712 8259340 46.328
ls_cat 31 6713 8290679 46.328
ls_cat 31 6716 8661532 46.328
ls_cat 31 6718 8698171 46.328
ls_cat 33 6921 71115 0
ls_cat 33 6929 530664 0
ls_cat 33 6933 968728 6.181
ls_cat 33 6939 1663610 9.797
ls_cat 33 6943 1694377 9.797
ls_cat 33 6948 1796929 10.749
ls_cat 33 6952 1946696 12.199
ls_cat 33 6953 2088332 12.918
ls_cat 33 6958 2403250 12.918
ls_cat 33 6973 2646114 14.367
ls_cat 33 6976 2646857 14.367
ls_cat 33 6977 2880440 14.367
ls_cat 33 6985 2884585 15.087
ls_cat 33 6987 2955949 16.536
ls_cat 33 6994 3446546 28.594
ls_cat 33 7000 3886263 30.894
ls_cat 33 7006 3990211 34.383
ls_cat 33 7007 4142528 34.948
ls_cat 33 7015 4499575 37.799
ls_cat 33 7018 4650723 42.508
ls_cat 33 7020 5174959 42.508
ls_cat 33 7027 5306893 43.638
ls_cat 33 7032 5495371 47.693
ls_cat 33 7035 5792673 49.992
ls_cat 33 7042 6579318 52.883
ls_cat 33 7050 6699751 52.883
ls_cat 33 7052 6881013 52.883
ls_cat 33 7060 6956210 52.883
ls_cat 33 7063 7381064 52.883
ls_cat 33 7064 7607826 52.883
ls_cat 47 8719 329547 0
ls_cat 47 8724 793802 0
ls_cat 47 8728 1394746 0
ls_cat 47 8729 1512203 0
ls_cat 47 8734 1612071 0
ls_cat 47 8736 1743875 0.87
ls_cat 47 8742 2223026 0.87
ls_cat 47 8744 2332257 1.536
ls_cat 47 8748 2509207 5.677
ls_cat 47 8750 2737081 7.976
ls_cat 47 8756 2751428 15.001
ls_cat 47 8760 2945543 16.138
ls_cat 47 8764 3217096 16.138
ls_cat 47 8765 3435834 16.138
ls_cat 47 8766 4096095 18.437
ls_cat 47 8771 4179539 21.288
ls_cat 47 8772 4279540 21.853
ls_cat 47 8774 4290680 28.832
ls_cat 47 8778 4547707 30.547
ls_cat 47 8779 4556166 31.112
ls_cat 47 8781 4728202 33.963
ls_cat 47 8787 5190353 33.963
ls_cat 47 8789 5440804 33.963
ls_cat 47 8790 5689794 35.677
ls_cat 47 8792 5694382 35.677
ls_cat 47 8800 5969092 35.677
ls_cat 47 8803 6081741 35.677
ls_cat 47 8805 6125853 35.677
ls_cat 47 8808 6153748 35.677
ls_cat 47 8813 6583551 35.677
ls_cat 46 8614 168204 0
ls_cat 46 8616 353733 0
ls_cat 46 8617 376988 0
ls_cat 46 8618 708395 3.335
ls_cat 46 8621 1535202 3.335
ls_cat 46 8624 1721801 3.335
ls_cat 46 8626 1722110 3.335
ls_cat 46 8629 1976731 5.463
ls_cat 46 8632 2566067 10.361
ls_cat 46 8646 2851759 10.361
ls_cat 46 8653 2884811 13.252
ls_cat 46 8658 2893034 17.348
ls_cat 46 8670 3093470 18.478
ls_cat 46 8677 3852194 25.574
ls_cat 46 8680 3909957 30.806
ls_cat 46 8683 4621407 35.515
ls_cat 46 8685 4716593 36.182
ls_cat 46 8687 4728210 36.848
ls_cat 46 8690 5622024 36.848
ls_cat 46 8697 5981390 37.515
ls_cat 46 8702 6116687 38.182
ls_cat 46 8706 6122608 38.182
ls_cat 46 8710 6192400 38.182
ls_cat 46 8713 6566962 38.182
ls_cat 46 8717 6988444 87.702
ls_cat 36 7401 377092 0
ls_cat 36 7402 424208 0
ls_cat 36 7403 632530 0
ls_cat 36 7408 737095 0
ls_cat 36 7414 1041766 0
ls_cat 36 7416 1484529 1.755
ls_cat 36 7418 1501907 1.755
ls_cat 36 7422 1618243 1.755
ls_cat 36 7423 1623150 1.755
ls_cat 36 7424 1623451 1.755
ls_cat 36 7431 1914941 5.244
ls_cat 36 7434 3110307 8.135
ls_cat 36 7445 3344103 11.565
ls_cat 36 7452 3434552 20.46
ls_cat 36 7459 4359440 21.159
ls_cat 36 7461 4386543 22.568
ls_cat 36 7471 4751094 24.676
ls_cat 36 7475 4761564 26.804
ls_cat 36 7476 4789425 26.804
ls_cat 36 7479 4943562 26.804
ls_cat 36 7482 5387387 28.212
ls_cat 36 7484 5804969 28.212
ls_cat 36 7486 6129432 28.212
ls_cat 36 7489 6645615 28.212
ls_cat 36 7495 6838634 28.212
ls_cat 36 7496 7857422 28.212
ls_cat 36 7498 8000402 28.212
ls_cat 42 8131 400542 0
ls_cat 42 8136 628071 0
ls_cat 42 8137 812485 5.84
ls_cat 42 8141 844292 5.84
ls_cat 42 8144 1009852 5.84
ls_cat 42 8145 1010955 7.182
ls_cat 42 8146 1091841 7.182
ls_cat 42 8152 2245985 7.747
ls_cat 42 8157 2373436 12.952
ls_cat 42 8159 2427457 14.088
ls_cat 42 8164 2852062 16.979
ls_cat 42 8165 2924232 16.979
ls_cat 42 8175 3117741 19.278
ls_cat 42 8176 3211003 20.993
ls_cat 42 8194 4104941 22.694
ls_cat 42 8202 4107947 24.408
ls_cat 42 8209 4134433 24.408
ls_cat 42 8215 4242437 27.259
ls_cat 42 8219 4346027 27.824
ls_cat 42 8223 4455098 30.124
ls_cat 42 8226 4719364 30.689
ls_cat 42 8228 4895026 30.689
ls_cat 42 8231 5402280 34.046
ls_cat 42 8233 5434843 34.046
ls_cat 42 8244 5899960 34.046
ls_cat 42 8245 6221265 34.046
ls_cat 42 8248 6905969 34.046
ls_cat 5 1624 7360431 0
ls_cat 5 1625 7369386 0
ls_cat 5 1626 7895093 0
ls_cat 5 1628 8172998 0
ls_cat 5 1629 8173329 0.565
ls_cat 5 1635 8519947 2.864
ls_cat 5 1636 8593927 3.429
ls_cat 5 1641 8594259 3.429
ls_cat 5 1642 8619504 3.429
ls_cat 5 1644 8869455 3.429
ls_cat 5 1649 9674879 8.704
ls_cat 5 1657 10254124 9.84
ls_cat 5 1664 11164868 17.001
ls_cat 5 1666 11274190 18.703
ls_cat 5 1670 11989364 19.839
ls_cat 5 1671 12368902 20.404
ls_cat 5 1675 12502006 20.969
ls_cat 5 1679 12584679 25.024
ls_cat 5 1687 12754028 27.323
ls_cat 5 1689 12866455 27.888
ls_cat 5 1691 13121094 28.453
ls_cat 5 1696 13755789 29.589
ls_cat 5 1697 14327639 29.589
ls_cat 5 1698 14387610 29.589
ls_cat 48 8818 432625 0
ls_cat 48 8828 757184 0
ls_cat 48 8839 1119899 19.712
ls_cat 48 8841 1246579 33.524
ls_cat 48 8844 1453774 33.524
ls_cat 48 8847 1551511 41.166
ls_cat 48 8859 1877685 41.166
ls_cat 48 8862 2039984 41.96
ls_cat 48 8868 2119116 48.306
ls_cat 48 8870 2340658 48.306
ls_cat 48 8872 2373550 48.306
ls_cat 48 8876 2798280 51.732
ls_cat 48 8877 3236715 52.399
ls_cat 48 8878 3488128 52.399
ls_cat 48 8884 3870979 52.399
ls_cat 48 8886 3910741 52.399
ls_cat 48 8895 4076279 55.825
ls_cat 48 8898 4423617 55.825
ls_cat 48 8905 4600277 55.825
ls_cat 48 8907 4734036 55.825
ls_cat 48 8915 5143965 56.962
ls_cat 48 8922 5888053 59.261
ls_cat 48 8924 5936368 59.927
ls_cat 48 8928 6002927 59.927
ls_cat 48 8931 6004625 59.927
ls_cat 48 8932 6121349 59.927
ls_cat 48 8933 6383775 59.927
ls_cat 48 8934 6535212 59.927
ls_cat 53 1504 109690 0
ls_cat 53 1507 330192 0
ls_cat 53 1512 520319 0
ls_cat 53 1520 580334 8.998
ls_cat 53 1522 926153 8.998
ls_cat 53 1528 1316600 14.266
ls_cat 53 1530 1514372 17.756
ls_cat 53 1537 1581736 17.756
ls_cat 53 1543 1773411 18.321
ls_cat 53 1546 2697439 18.321
ls_cat 53 1547 2749933 18.321
ls_cat 53 1550 2765504 19.457
ls_cat 53 1554 2944895 20.022
ls_cat 53 1568 3184372 20.022
ls_cat 53 1570 3474868 20.022
ls_cat 53 1575 4379823 21.724
ls_cat 53 1577 4559885 22.288
ls_cat 53 1578 4573536 22.288
ls_cat 53 1583 4573884 22.288
ls_cat 53 1585 4603541 28.248
ls_cat 53 1592 5220665 28.248
ls_cat 53 1593 5309239 28.248
ls_cat 53 1594 5388217 28.248
ls_cat 53 1599 5945850 28.248
ls_cat 53 1611 6484422 28.248
ls_cat 53 1614 6570493 28.248
ls_cat 53 1616 6728623 28.248
ls_cat 53 1618 6777863 28.248
ls_cat 37 7499 531777 0
ls_cat 37 7500 1154499 0
ls_cat 37 7512 1862106 0
ls_cat 37 7514 2090484 1.042
ls_cat 37 7518 2848725 1.042
ls_cat 37 7523 2875598 1.042
ls_cat 37 7524 3116581 1.607
ls_cat 37 7531 3120434 1.607
ls_cat 37 7537 3214442 2.743
ls_cat 37 7542 3324910 3.88
ls_cat 37 7545 3610865 17.742
ls_cat 37 7552 3996215 27.352
ls_cat 37 7558 5125126 40.107
ls_cat 37 7567 6427095 40.107
ls_cat 37 7578 6917317 45.708
ls_cat 37 7582 7366428 46.374
ls_cat 37 7588 7841015 46.374
ls_cat 37 7591 8101288 46.374
ls_cat 49 8938 395850 0
ls_cat 49 8940 677201 0
ls_cat 49 8943 763691 0
ls_cat 49 8949 985260 0.794
ls_cat 49 8952 1539621 0.794
ls_cat 49 8957 1641965 6.753
ls_cat 49 8965 2008391 10.458
ls_cat 49 8968 3379608 10.458
ls_cat 49 8971 4605841 10.458
ls_cat 49 8973 4874088 10.458
ls_cat 49 8987 4967328 13.372
ls_cat 49 8990 4999164 13.372
ls_cat 49 8992 6015090 13.372
ls_cat 51 9134 300605 0
ls_cat 51 9138 433969 0
ls_cat 51 9139 467269 0
ls_cat 51 9143 698894 3.775
ls_cat 51 9144 863798 3.775
ls_cat 51 9147 1380006 4.34
ls_cat 51 9149 1774350 6.64
ls_cat 51 9154 2489797 7.205
ls_cat 51 9159 2618111 7.205
ls_cat 51 9162 2661346 7.205
ls_cat 51 9164 3626735 9.232
ls_cat 51 9165 3923582 10.094
ls_cat 51 9167 4024181 10.094
ls_cat 51 9169 4044532 10.094
ls_cat 51 9170 4524615 10.094
ls_cat 51 9177 5395271 10.094
ls_cat 51 9178 5469420 10.094
ls_cat 18 4216 258514 0
ls_cat 18 4217 1465227 16.212
ls_cat 18 4221 1630980 16.212
ls_cat 18 4223 1762685 16.212
ls_cat 18 4226 2173670 16.212
ls_cat 18 4229 2236022 17.631
ls_cat 18 4235 2258395 17.631
ls_cat 18 4239 2579726 18.195
ls_cat 18 4246 2587437 18.76
ls_cat 18 4247 2746443 19.325
ls_cat 18 4250 2892559 19.325
ls_cat 18 4254 2893126 21.04
ls_cat 18 4256 2912212 21.04
ls_cat 18 4257 3526890 23.339
ls_cat 18 4259 3662588 24.476
ls_cat 18 4260 3983452 24.476
ls_cat 18 4263 4047542 26.755
ls_cat 18 4264 4114372 26.755
ls_cat 18 4265 4118076 26.755
ls_cat 18 4267 4360142 27.891
ls_cat 18 4268 4418738 29.606
ls_cat 18 4269 4531237 29.606
ls_cat 18 4271 5065691 30.171
ls_cat 18 4276 5173047 30.736
ls_cat 18 4283 5739843 35.315
ls_cat 18 4285 5809430 35.315
ls_cat 18 4290 5963080 37.029
ls_cat 18 4291 6049298 37.029
ls_cat 18 4294 6223236 37.029
ls_cat 18 4299 6232035 37.594
ls_cat 18 4303 6461910 39.893
ls_cat 18 4305 6506413 41.03
ls_cat 18 4311 6645909 41.595
ls_cat 18 4316 6962772 42.16
ls_cat 18 4323 7170806 42.725
ls_cat 18 4329 7508410 43.855
ls_cat 18 4331 7609316 44.991
ls_cat 18 4335 7652098 49.652
ls_cat 18 4342 7857029 50.788
ls_cat 18 4350 8000241 50.788
ls_cat 18 4356 8196815 53.068
ls_cat 18 4362 8687175 53.633
ls_cat 18 4366 8831611 54.198
ls_cat 18 4368 8979697 54.198
ls_cat 18 4370 9402597 55.334
ls_cat 18 4374 9421300 55.334
ls_cat 18 4375 9610902 55.899
ls_cat 18 4380 9635756 55.899
ls_cat 18 4384 9691227 56.464
ls_cat 18 4394 9801405 58.159
ls_cat 18 4395 9902887 58.159
ls_cat 18 4397 9998744 58.159
ls_cat 18 4398 10343291 58.159
ls_cat 18 4406 10546877 58.159
ls_cat 18 4407 10682835 58.159
ls_cat 18 4408 10690523 58.159
ls_cat 18 4411 11063376 61.101
ls_cat 18 4412 11096669 61.101
ls_cat 18 4419 11366871 61.101
ls_cat 18 4422 12037332 61.101
ls_cat 3 894 792473 0
ls_cat 3 896 859051 0
ls_cat 3 899 1179224 0
ls_cat 3 902 1345148 0
ls_cat 3 906 1918738 0
ls_cat 3 910 3144675 0
ls_cat 3 913 3385334 1.701
ls_cat 3 916 3806930 3.416
ls_cat 3 917 3876230 3.981
ls_cat 3 929 5266046 7.41
ls_cat 3 937 5289809 7.975
ls_cat 3 938 5367966 7.975
ls_cat 3 940 5505709 7.975
ls_cat 3 946 5826322 9.689
ls_cat 3 948 6360630 12.54
ls_cat 3 950 6715234 13.105
ls_cat 3 960 7148492 18.38
ls_cat 3 964 7149544 18.945
ls_cat 3 965 7555975 19.51
ls_cat 3 972 9835263 20.646
ls_cat 3 973 9922294 20.646
ls_cat 3 975 9951921 20.646
ls_cat 3 976 9974538 20.646
ls_cat 3 983 10071293 20.646
ls_cat 3 986 10597398 22.36
ls_cat 3 991 11520444 22.36
ls_cat 3 993 11847877 24.075
ls_cat 3 1026 13141546 28.784
ls_cat 3 1031 13158758 29.914
ls_cat 3 1032 13209194 30.479
ls_cat 3 1041 13416813 32.174
ls_cat 3 1054 13422905 34.473
ls_cat 3 1055 13574628 34.473
ls_cat 3 1057 13648381 34.473
ls_cat 3 1065 14651678 34.473
ls_cat 3 1066 14981941 34.473
ls_cat 3 1067 15601288 40.433
ls_cat 3 1068 15843470 40.433
ls_cat 3 1069 15966860 41.569
ls_cat 3 1072 16084375 41.569
ls_cat 3 1076 16771652 44.46
ls_cat 3 1080 16873148 44.46
ls_cat 3 1086 17312625 45.597
ls_cat 3 1089 17651953 48.488
ls_cat 3 1092 18232979 49.937
ls_cat 3 1100 18729329 55.205
ls_cat 3 1113 19441524 56.654
ls_cat 3 1121 19750154 58.104
ls_cat 3 1123 19891710 58.104
ls_cat 3 1128 21176069 58.104
ls_cat 3 1131 21506539 59.553
ls_cat 3 1134 21965763 60.273
ls_cat 3 1139 23279501 60.992
ls_cat 3 1140 23319869 60.992
ls_cat 3 1141 23599911 60.992
ls_cat 3 1142 23662837 60.992
ls_cat 3 1143 23851709 60.992
ls_cat 4 1174 950063 0
ls_cat 4 1183 1423268 0
ls_cat 4 1192 1561659 0
ls_cat 4 1197 1837210 0
ls_cat 4 1198 1858225 2.344
ls_cat 4 1212 2474537 2.344
ls_cat 4 1219 2564143 2.344
ls_cat 4 1226 2673175 2.344
ls_cat 4 1233 3238588 2.344
ls_cat 4 1234 3252667 4.059
ls_cat 4 1239 3450500 4.059
ls_cat 4 1243 3559407 4.624
ls_cat 4 1246 3931624 6.338
ls_cat 4 1252 4353610 6.338
ls_cat 4 1259 4576461 7.474
ls_cat 4 1262 4722972 7.474
ls_cat 4 1272 4851431 9.189
ls_cat 4 1277 5357241 15.713
ls_cat 4 1279 5403459 16.278
ls_cat 4 1293 6019982 16.843
ls_cat 4 1299 6201913 16.843
ls_cat 4 1300 6250392 19.143
ls_cat 4 1301 6349960 19.143
ls_cat 4 1308 6418881 21.422
ls_cat 4 1309 6733886 21.422
ls_cat 4 1312 6811831 21.987
ls_cat 4 1320 7519047 24.878
ls_cat 4 1339 8116217 25.443
ls_cat 4 1350 8125363 26.573
ls_cat 4 1358 8886429 30.587
ls_cat 4 1367 9206906 31.152
ls_cat 4 1372 9270853 32.282
ls_cat 4 1374 9366457 34.554
ls_cat 4 1377 10039256 36.269
ls_cat 4 1378 10358568 36.269
ls_cat 4 1393 10707493 38.548
ls_cat 4 1399 10725841 39.113
ls_cat 4 1403 10773978 39.678
ls_cat 4 1407 11037996 39.678
ls_cat 4 1425 12423955 39.678
ls_cat 4 1427 13123406 41.393
ls_cat 4 1436 13390064 41.393
ls_cat 4 1439 13749012 41.393
ls_cat 4 1446 14190115 41.958
ls_cat 4 1447 14379136 41.958
ls_cat 4 1458 14841622 45.985
ls_cat 4 1459 15158018 45.985
ls_cat 4 1471 15373832 52.822
ls_cat 4 1472 15757014 52.822
ls_cat 4 1481 16628655 52.822
ls_cat 4 1487 17362666 52.822
ls_cat 4 1499 17623725 52.822
