cat	EBR_start_cat	EBR_end_cat	EBR_length_cat	swe	EBR_start_swe	EBR_end_swe	EBR_length_swe	Strand	Q-len	Q-start	Q-stop	T-len	T-start	T-stop	anc_chr_unit	type		EBR_cat_start	EBR_cat_end
cat_1	0	34043171	34043171	swe_1	0	34455698	34455698	+	34043171	6668	34041318	34455698	1	34455163	1	Z		0	34043171
cat_2	14263805	32763382	18499577	swe_2	0	18368799	18368799	-	32763382	50	32763375	32844224	9	32844177	2	fu_anc_sin		14263805	32763382
cat_2	0	14215527	14215527	swe_2	18429467	32844224	14414757								3	fu_anc_sin		0	14215527
cat_50	0	6563399	6563399	swe_3	0	6630455	6630455	-	6563399	4	6561523	30544165	19686	28671939	4	fi_spa		0	6563399
cat_46	0	7071330	7071330	swe_3	6723970	13818234	7094264	-	7071330	9	7071051	30544165	6150813	24735332	5	fu_swe		0	7071330
cat_37	0	8175631	8175631	swe_3	13877656	21916345	8038689	-	8175631	0	8173265	30544165	731409	29210593	6	fu_swe		0	8175631
cat_39	0	8031547	8031547	swe_3	22083520	30544165	8460645	+	8031547	4	8025823	30544165	4199078	30530707	7	BR/ILS_juv/spa		0	8031547
cat_18	0	12373252	12373252	swe_4	0	12474786	12474786	-	12373252	7	12373249	27422032	3520	19621771	8	fi_spa		0	12373252
cat_6	0	14789772	14789772	swe_4	12566366	27422032	14855666	+	14789772	5024	14789755	27422032	1010194	27421578	9	fi_spa		0	14789772
cat_12	0	12846550	12846550	swe_5	0	12753250	12753250	-	12846550	4	12843421	27208799	51	24502316	10	BR/ILS_juv/spa		0	12846550
cat_7	0	14168601	14168601	swe_5	12786407	27208799	14422392	+	14168601	9	14168547	27208799	248248	27208791	11	BR/ILS_juv/spa		0	14168601
cat_3	0	26201839	26201839	swe_6	0	26593402	26593402	+	26201839	2	26201830	26593402	20377	26592967	12	Z		0	26201839
cat_43	0	7592934	7592934	swe_7	0	7794590	7794590	-	7592934	2408	7592923	25418471	1	23286552	13	fi_spa		0	7592934
cat_47	0	6810500	6810500	swe_7	7854630	14556555	6701925	-	6810500	24	6808617	25418471	441882	23812989	14	fi_spa		0	6810500
cat_21	8620954	11043877	2422923	swe_7	14616929	16846145	2229216	-	11043877	8	11043877	25418471	981980	25406097	15	fi_spa		8620954	11043877
cat_21	0	8509954	8509954	swe_7	16883350	25418471	8535121								16	fu_anc_sin		0	8509954
cat_17	0	12417530	12417530	swe_8	0	12848078	12848078	-	12417530	128	12416914	25271786	2168	25103012	17	fu_swe		0	12417530
cat_19	0	12203911	12203911	swe_8	12920848	25271786	12350938	-	12203911	28017	12203905	25271786	10208465	25256935	18	fu_swe		0	12203911
cat_10	0	13041722	13041722	swe_9	0	13908078	13908078	+	13041722	12	13041722	24821562	1	20492711	19	fu_swe		0	13041722
cat_23	0	10889337	10889337	swe_9	13908078	24821562	10913484	+	10889337	18	10837954	24821562	496689	24815548	20	fu_swe		0	10889337
cat_27	0	10056752	10056752	swe_10	0	10277651	10277651	+	10056752	1	10056296	23696351	68779	12286860	21	fi_spa		0	10056752
cat_9	0	13621015	13621015	swe_10	10326588	23696351	13369763	+	13621015	1090	13619447	23696351	739201	23659355	22	fi_spa		0	13621015
cat_29	0	9366115	9366115	swe_11	0	9552499	9552499	-	9366115	6	9366108	22599691	34790	21479706	23	fu_swe		0	9366115
cat_25	7661594	10694127	3032533	swe_11	9604026	12636559	3032533	-	10694127	499	10694122	22599691	3825793	22597763	24	fu_swe		7661594	10694127
cat_25	7030000	7612726	582726	swe_11	12685427	13227000	541573								25	fu_anc_sin		7030000	7612726
cat_51	5373554	6505794	1132240	swe_11	13227001	14497892	1270891								26	fu_spa		5373554	6505794
cat_5	7425984	14857515	7431531	swe_11	14579067	22599691	8020624								27	fi_spa		7425984	14857515
cat_28	0	9433975	9433975	swe_12	0	9700444	9700444	-	9433975	16739	9431874	22309355	23363	22251207	28	fu_swe		0	9433975
cat_16	0	12463469	12463469	swe_12	9700948	22309355	12608407	+	12463469	12126	12435444	22309355	103319	22305521	29	fu_swe		0	12463469
cat_30	0	9109249	9109249	swe_13	0	9341788	9341788	+	9109249	1307	9109240	21837515	3	21735312	30	fu_swe		0	9109249
cat_14	6410190	12659735	6249545	swe_13	9348732	15692075	6343343	-	12659735	5	12628391	21837515	843118	21821735	31	fu_swe		6410190	12659735
cat_14	0	6388689	6388689	swe_13	15734914	21837515	6102601								32	fu_anc_sin		0	6388689
cat_40	0	7918917	7918917	swe_14	0	8264754	8264754	+	7918917	19799	7918896	21002338	0	16623186	33	fu_swe		0	7918917
cat_13	0	12716052	12716052	swe_14	8286896	21002338	12715442	-	12716052	51575	12712085	21002338	103505	21001822	34	fu_swe		0	12716052
cat_42	0	7657949	7657949	swe_15	0	7815325	7815325	+	7657949	37445	7657727	20771620	27458	20088933	35	fi_spa		0	7657949
cat_15	0	12572064	12572064	swe_15	7901823	20771620	12869797	-	12572064	384	12572058	20771620	7193308	20771618	36	fi_spa		0	12572064
cat_31	0	9029877	9029877	swe_16	0	9386000	9386000	-	9029877	771	9029875	20354528	90279	17559266	37	unknown		0	9029877
cat_24	0	10731864	10731864	swe_16	9459000	20354528	10895528	+	10731864	3579	10722033	20354528	395660	20194349	38	unknown		0	10731864
cat_32	0	8993086	8993086	swe_17	0	9080121	9080121	-	8993086	11148	8993085	19406976	9	17705636	39	BR/ILS_juv/spa		0	8993086
cat_26	0	10371112	10371112	swe_17	9132668	19406976	10274308	-	10371112	0	10371109	19406976	9264	19403339	40	BR/ILS_juv/spa		0	10371112
cat_4	0	17858888	17858888	swe_18	0	17773115	17773115	-	17858888	5	17845192	17773115	34	17773108	41	Z		0	17858888
cat_34	0	8852937	8852937	swe_19	0	8395606	8395606	+	8852937	19425	8852929	16601477	7	11492103	42	fi_spa		0	8852937
cat_38	0	8072367	8072367	swe_19	8511083	16601477	8090394	-	8072367	7038	8072288	16601477	8396384	16580008	43	fi_spa		0	8072367
cat_36	5412761	8226895	2814134	swe_20	0	2688566	2688566	-	8226895	6927	8222458	16307044	1	8295322	44	fu_anc_sin		5412761	8226895
cat_36	0	5378637	5378637	swe_20	2764311	8331409	5567098								45	fu_anc_sin		0	5378637
cat_41	0	7717807	7717807	swe_20	8435200	16307044	7871844	-	7717807	20	7717807	16307044	886418	16302611	46	BR/ILS_juv/spa		0	7717807
cat_35	0	8510491	8510491	swe_21	0	8652705	8652705	+	8510491	1828	8510432	16244046	1	14816029	47	BR/ILS_juv/spa		0	8510491
cat_44	0	7462649	7462649	swe_21	8795742	16244046	7448304	+	7462649	1	7435666	16244046	2776293	16243989	48	BR/ILS_juv/spa		0	7462649
cat_49	0	6622542	6622542	swe_22	0	6778134	6778134	+	6622542	3	6622539	15785361	14523	13946107	49	BR/ILS_juv/spa		0	6622542
cat_33	0	8858058	8858058	swe_22	7224739	15785361	8560622	+	8858058	8204	8858049	15785361	934401	15782820	50	BR/ILS_juv/spa		0	8858058
cat_5	0	7316288	7316288	swe_23	0	7391940	7391940	+	14857515	17860	12330510	14824030	19194	14685395	51	fu_swe		0	7316288
cat_45	0	7189000	7189000	swe_23	7454671	14824030	7369359	+	7189000	8	7189000	14824030	5359682	14822354	52	fu_swe		0	7189000
cat_8	0	14171155	14171155	swe_24	0	13684430	13684430	+	14171155	205342	14126925	13684430	21	13684425	53	hom		0	14171155
cat_52	0	6108349	6108349	swe_25	0	6247358	6247358	-	6108349	5724	6084907	13471441	20960	11870960	54	BR/ILS_juv/spa		0	6108349
cat_48	0	6777714	6777714	swe_25	6568674	13471441	6902767	+	6777714	72395	6777709	13471441	490876	13468926	55	BR/ILS_juv/spa		0	6777714
cat_25	0	3051855	3051855	swe_26	0	3051855	3051855								58	BR/ILS_juv/spa		0	3051855
cat_25	3118204	7008000	3889796	swe_26	3118204	7141561	4023357								59	BR/ILS_juv/spa		3118204	7008000
cat_51	0	5204110	5204110	swe_26	7537599	12537843	5000244	+	6505794	1469	5185136	12537843	95535	12537841	56	fu_spa		0	5204110
cat_11	0	12904538	12904538	swe_27	0	12376488	12376488	-	12904538	82	12358425	12376488	9	12373017	60	hom		0	12904538
cat_20	0	11863123	11863123	swe_28	0	11658327	11658327	-	11863123	87616	11863122	11658327	17247	11634198	61	hom		0	11863123
cat_22	0	10971242	10971242	swe_29	0	11165203	11165203	+	10971242	926	10961209	11165203	50531	11165197	62	hom		0	10971242